Ibus_load[1]:0.050099
Ibus_load[2]:0.079330
Ibus_load[3]:0.205965
Ibus_load[4]:0.068204
Ibus_load[5]:0.128057
Ibus_load[6]:0.077938
Ibus_load[7]:0.068209
Ibus_load[8]:0.073778
Ibus_load[9]:0.121107
Ibus_load[10]:0.066818
Ibus_load[11]:0.068210
Ibus_load[12]:0.073778
Ibus_load[13]:0.061252
Ibus_load[14]:0.070996
Ibus_load[15]:0.062644
Ibus_load[16]:0.075173
Ibus_load[17]:0.076565
Ibus_load[18]:0.075181
Ibus_load[19]:0.069610
Ibus_load[20]:0.047336
Ibus_load[21]:0.071001
Ibus_load[22]:0.038982
Ibus_load[23]:0.075182
Ibus_load[24]:0.075181
Ibus_load[25]:0.073794
Ibus_load[26]:0.073792
Ibus_load[27]:0.077966
Ibus_load[28]:0.079359
Ibus_load[29]:0.062656
Ibus_load[30]:0.059870
Ibus_load[31]:0.076579
Ibus_load[32]:0.062654
Ibus_load[33]:0.072403
Ibus_load[34]:0.066831
Ibus_load[35]:0.066833
Ibus_load[36]:0.059872
Ibus_load[37]:0.072403
Ibus_load[38]:0.075186
Ibus_load[39]:0.069617
Ibus_load[40]:0.040378
Ibus_load[41]:0.073797
Ibus_load[42]:0.086326
Ibus_load[43]:0.062659
Ibus_load[44]:0.064046
Ibus_load[45]:0.075190
Ibus_load[46]:0.048732
Ibus_load[47]:0.072406
Ibus_load[48]:0.073794
Ibus_load[49]:0.072402
Ibus_load[50]:0.065444
Ibus_load[51]:0.066834
Ibus_load[52]:0.076584
Ibus_load[53]:0.069622
Ibus_load[54]:0.075189
Ibus_load[55]:0.083546
