# file...... Output_case2\output_power.csv
# date...... Fri Feb 05 18:27:32 2016
# user...... Gregorio
# host...... (null)
# target.... transformer 1031
# trigger... (none)
# interval.. 0
# limit..... 0
# timestamp,power_out.real,power_out.imag,power_out_A.real,power_out_A.imag,power_out_B.real,power_out_B.imag,power_out_C.real,power_out_C.imag
2000-01-01 00:01:00 EST,+1.02792e+006,+288057,+413199,+81119.3,+399833,+135827,+214892,+71111.2
2000-01-01 00:02:00 EST,+1.02792e+006,+288057,+413199,+81119.3,+399833,+135827,+214892,+71111.2
2000-01-01 00:03:00 EST,+1.02792e+006,+288057,+413199,+81119.3,+399833,+135827,+214892,+71111.2
2000-01-01 00:04:00 EST,+1.02792e+006,+288057,+413199,+81119.3,+399833,+135827,+214892,+71111.2
2000-01-01 00:05:00 EST,+1.02792e+006,+288057,+413199,+81119.3,+399833,+135827,+214892,+71111.2
2000-01-01 00:06:00 EST,+1.02792e+006,+288057,+413199,+81119.3,+399833,+135827,+214892,+71111.2
2000-01-01 00:07:00 EST,+1.02792e+006,+288057,+413199,+81119.3,+399833,+135827,+214892,+71111.2
2000-01-01 00:08:00 EST,+1.02792e+006,+288057,+413199,+81119.3,+399833,+135827,+214892,+71111.2
2000-01-01 00:09:00 EST,+1.02792e+006,+288057,+413199,+81119.3,+399833,+135827,+214892,+71111.2
2000-01-01 00:10:00 EST,+1.02792e+006,+288057,+413199,+81119.3,+399833,+135827,+214892,+71111.2
2000-01-01 00:11:00 EST,+1.02792e+006,+288057,+413199,+81119.3,+399833,+135827,+214892,+71111.2
2000-01-01 00:12:00 EST,+1.02792e+006,+288057,+413199,+81119.3,+399833,+135827,+214892,+71111.2
2000-01-01 00:13:00 EST,+1.02792e+006,+288057,+413199,+81119.3,+399833,+135827,+214892,+71111.2
2000-01-01 00:14:00 EST,+1.02792e+006,+288057,+413199,+81119.3,+399833,+135827,+214892,+71111.2
2000-01-01 00:15:00 EST,+1.02792e+006,+288057,+413199,+81119.3,+399833,+135827,+214892,+71111.2
2000-01-01 00:16:00 EST,+1.02792e+006,+288057,+413199,+81119.3,+399833,+135827,+214892,+71111.2
2000-01-01 00:17:00 EST,+1.02792e+006,+288057,+413199,+81119.3,+399833,+135827,+214892,+71111.2
2000-01-01 00:18:00 EST,+1.02792e+006,+288057,+413199,+81119.3,+399833,+135827,+214892,+71111.2
2000-01-01 00:19:00 EST,+1.02792e+006,+288057,+413199,+81119.3,+399833,+135827,+214892,+71111.2
2000-01-01 00:20:00 EST,+1.02792e+006,+288057,+413199,+81119.3,+399833,+135827,+214892,+71111.2
2000-01-01 00:21:00 EST,+1.02792e+006,+288057,+413199,+81119.3,+399833,+135827,+214892,+71111.2
2000-01-01 00:22:00 EST,+1.02792e+006,+288057,+413199,+81119.3,+399833,+135827,+214892,+71111.2
2000-01-01 00:23:00 EST,+1.02792e+006,+288057,+413199,+81119.3,+399833,+135827,+214892,+71111.2
2000-01-01 00:24:00 EST,+1.02792e+006,+288057,+413199,+81119.3,+399833,+135827,+214892,+71111.2
2000-01-01 00:25:00 EST,+1.02792e+006,+288057,+413199,+81119.3,+399833,+135827,+214892,+71111.2
2000-01-01 00:26:00 EST,+1.02792e+006,+288057,+413199,+81119.3,+399833,+135827,+214892,+71111.2
2000-01-01 00:27:00 EST,+1.02792e+006,+288057,+413199,+81119.3,+399833,+135827,+214892,+71111.2
2000-01-01 00:28:00 EST,+1.02792e+006,+288057,+413199,+81119.3,+399833,+135827,+214892,+71111.2
2000-01-01 00:29:00 EST,+1.02792e+006,+288057,+413199,+81119.3,+399833,+135827,+214892,+71111.2
2000-01-01 00:30:00 EST,+1.02792e+006,+288057,+413199,+81119.3,+399833,+135827,+214892,+71111.2
2000-01-01 00:31:00 EST,+1.02792e+006,+288057,+413199,+81119.3,+399833,+135827,+214892,+71111.2
2000-01-01 00:32:00 EST,+1.02792e+006,+288057,+413199,+81119.3,+399833,+135827,+214892,+71111.2
2000-01-01 00:33:00 EST,+1.02792e+006,+288057,+413199,+81119.3,+399833,+135827,+214892,+71111.2
2000-01-01 00:34:00 EST,+1.02792e+006,+288057,+413199,+81119.3,+399833,+135827,+214892,+71111.2
2000-01-01 00:35:00 EST,+1.02792e+006,+288057,+413199,+81119.3,+399833,+135827,+214892,+71111.2
2000-01-01 00:36:00 EST,+1.02792e+006,+288057,+413199,+81119.3,+399833,+135827,+214892,+71111.2
2000-01-01 00:37:00 EST,+1.02792e+006,+288057,+413199,+81119.3,+399833,+135827,+214892,+71111.2
2000-01-01 00:38:00 EST,+1.02792e+006,+288057,+413199,+81119.3,+399833,+135827,+214892,+71111.2
2000-01-01 00:39:00 EST,+1.02792e+006,+288057,+413199,+81119.3,+399833,+135827,+214892,+71111.2
2000-01-01 00:40:00 EST,+1.02792e+006,+288057,+413199,+81119.3,+399833,+135827,+214892,+71111.2
2000-01-01 00:41:00 EST,+1.02792e+006,+288057,+413199,+81119.3,+399833,+135827,+214892,+71111.2
2000-01-01 00:42:00 EST,+1.02792e+006,+288057,+413199,+81119.3,+399833,+135827,+214892,+71111.2
2000-01-01 00:43:00 EST,+1.02792e+006,+288057,+413199,+81119.3,+399833,+135827,+214892,+71111.2
2000-01-01 00:44:00 EST,+1.02792e+006,+288057,+413199,+81119.3,+399833,+135827,+214892,+71111.2
2000-01-01 00:45:00 EST,+1.02792e+006,+288057,+413199,+81119.3,+399833,+135827,+214892,+71111.2
2000-01-01 00:46:00 EST,+1.02792e+006,+288057,+413199,+81119.3,+399833,+135827,+214892,+71111.2
2000-01-01 00:47:00 EST,+1.02792e+006,+288057,+413199,+81119.3,+399833,+135827,+214892,+71111.2
2000-01-01 00:48:00 EST,+6254.02,+2053.69,+3150.15,+1033.57,+1637.62,+539.108,+1466.25,+481.01
2000-01-01 00:49:00 EST,+6430.68,+2111.6,+3411.16,+1118.99,+1637.6,+539.295,+1381.92,+453.312
2000-01-01 00:50:00 EST,+6934.64,+2276.92,+3626.35,+1189.39,+1802.14,+593.497,+1506.14,+494.033
2000-01-01 00:51:00 EST,+6950.37,+2282.17,+3541.85,+1161.87,+1802.13,+593.381,+1606.4,+526.915
2000-01-01 00:52:00 EST,+7082.76,+2325.63,+3541.72,+1161.65,+1934.71,+636.949,+1606.33,+527.03
2000-01-01 00:53:00 EST,+7082.94,+2325.66,+3541.94,+1161.67,+1934.68,+636.993,+1606.31,+526.998
2000-01-01 00:54:00 EST,+9243.04,+3029.56,+5594.2,+1828.5,+2043.74,+676.028,+1605.1,+525.034
2000-01-01 00:55:00 EST,+9392.22,+3078.9,+5519.82,+1805.29,+2043.62,+675.668,+1828.78,+597.948
2000-01-01 00:56:00 EST,+10056,+3296.28,+5849.95,+1913.09,+2165.8,+716.37,+2040.22,+666.819
2000-01-01 00:57:00 EST,+7979.67,+2619.83,+3830.55,+1256.49,+2167.63,+713.465,+1981.49,+649.874
2000-01-01 00:58:00 EST,+8029.59,+2636.27,+3780.14,+1240.16,+2167.6,+713.338,+2081.85,+682.772
2000-01-01 00:59:00 EST,+8524.44,+2798.67,+3839.98,+1260.63,+2202.39,+724.379,+2482.08,+813.66
2000-01-01 01:00:00 EST,+8613.94,+2827.99,+3929.56,+1289.96,+2202.35,+724.45,+2482.03,+813.577
2000-01-01 01:01:00 EST,+7057.6,+2317.59,+2622.58,+861.64,+2082.72,+683.904,+2352.29,+772.049
2000-01-01 01:02:00 EST,+6971.24,+2289.25,+2590.09,+851.028,+2028.75,+666.01,+2352.39,+772.216
2000-01-01 01:03:00 EST,+6737.32,+2212.51,+2590.26,+851.048,+1910.16,+627.256,+2236.9,+734.211
2000-01-01 01:04:00 EST,+6806.64,+2235.25,+2549.98,+837.727,+2019.81,+663.131,+2236.85,+734.389
2000-01-01 01:05:00 EST,+6898.12,+2265.23,+2460.41,+808.626,+2019.77,+662.817,+2417.93,+793.785
2000-01-01 01:06:00 EST,+6720.33,+2206.92,+2460.53,+808.432,+2019.88,+663.009,+2239.92,+735.484
2000-01-01 01:07:00 EST,+6565.78,+2156.22,+2305.77,+757.697,+2019.98,+662.839,+2240.03,+735.682
2000-01-01 01:08:00 EST,+6353.69,+2086.67,+2424.55,+796.506,+1874.17,+615.476,+2054.97,+674.69
2000-01-01 01:09:00 EST,+6182.1,+2030.36,+2246.69,+738.19,+1874.28,+615.275,+2061.13,+676.893
2000-01-01 01:10:00 EST,+5889.12,+1934.21,+2086.13,+685.623,+1741.66,+571.632,+2061.33,+676.953
2000-01-01 01:11:00 EST,+5609.94,+1842.48,+1766.59,+580.724,+1741.7,+571.476,+2101.65,+690.278
2000-01-01 01:12:00 EST,+5445.44,+1788.47,+1766.67,+580.874,+1576.98,+517.556,+2101.79,+690.044
2000-01-01 01:13:00 EST,+6083.83,+1998.09,+2062.55,+678.025,+1778.29,+583.823,+2242.99,+736.246
2000-01-01 01:14:00 EST,+6142.07,+2017.17,+2360.03,+775.545,+1655.69,+544.038,+2126.36,+697.59
2000-01-01 01:15:00 EST,+6142.07,+2017.17,+2360.03,+775.545,+1655.69,+544.038,+2126.36,+697.59
2000-01-01 01:16:00 EST,+6118.55,+2009.33,+2360.05,+776.059,+1440.8,+473.393,+2317.69,+759.881
2000-01-01 01:17:00 EST,+6046.3,+1985.82,+2360.17,+775.515,+1662.47,+546.369,+2023.66,+663.938
2000-01-01 01:18:00 EST,+6662.45,+2187.98,+2142.77,+704.673,+1929.17,+633.225,+2590.51,+850.085
2000-01-01 01:19:00 EST,+6507.61,+2137.24,+2142.87,+704.498,+1929.26,+633.39,+2435.47,+799.347
2000-01-01 01:20:00 EST,+6645.08,+2182.33,+2142.82,+704.587,+1929.22,+633.303,+2573.04,+844.436
2000-01-01 01:21:00 EST,+6800.45,+2233.36,+2142.7,+704.012,+2275.98,+747.013,+2381.77,+782.335
2000-01-01 01:22:00 EST,+6773.58,+2224.51,+2003.32,+658.184,+2388.51,+783.77,+2381.76,+782.553
2000-01-01 01:23:00 EST,+6736.42,+2212.32,+2003.34,+658.145,+2388.53,+783.817,+2344.54,+770.355
2000-01-01 01:24:00 EST,+6576.9,+2159.96,+2003.44,+658.399,+2188.53,+718.285,+2384.93,+783.274
2000-01-01 01:25:00 EST,+6649.18,+2183.67,+1887.28,+620.057,+2450.37,+804.152,+2311.54,+759.456
2000-01-01 01:26:00 EST,+6752.13,+2217.32,+1799.97,+591.274,+2640.74,+866.267,+2311.42,+759.782
2000-01-01 01:27:00 EST,+6645.79,+2182.43,+1800.01,+591.201,+2640.8,+866.376,+2204.97,+724.852
2000-01-01 01:28:00 EST,+6803.11,+2233.88,+1593.09,+523.392,+2844.11,+932.315,+2365.91,+778.175
2000-01-01 01:29:00 EST,+7243.74,+2378.44,+1724.38,+566.234,+3153.76,+1033.87,+2365.6,+778.331
2000-01-01 01:30:00 EST,+7243.74,+2378.44,+1724.38,+566.234,+3153.76,+1033.87,+2365.6,+778.331
2000-01-01 01:31:00 EST,+7405.46,+2431.51,+1826.03,+599.587,+3153.58,+1034,+2425.86,+797.923
2000-01-01 01:32:00 EST,+7498.83,+2462.16,+1919.65,+630.179,+3153.42,+1034.26,+2425.75,+797.729
2000-01-01 01:33:00 EST,+7498.83,+2462.16,+1919.65,+630.179,+3153.42,+1034.26,+2425.75,+797.729
2000-01-01 01:34:00 EST,+7438.55,+2442.39,+1919.69,+630.107,+3153.48,+1034.35,+2365.38,+777.933
2000-01-01 01:35:00 EST,+7070.37,+2321.57,+1740.93,+571.695,+2951.57,+967.867,+2377.87,+782.007
2000-01-01 01:36:00 EST,+6959.98,+2285.36,+1740.97,+571.783,+2828.99,+927.719,+2390.02,+785.86
2000-01-01 01:37:00 EST,+7472.33,+2453.37,+1882.43,+617.768,+3212.35,+1053.43,+2377.55,+782.169
2000-01-01 01:38:00 EST,+6949.95,+2282.04,+1882.8,+617.51,+3067.48,+1006.62,+1999.66,+657.91
2000-01-01 01:39:00 EST,+6795.85,+2231.63,+2100.63,+689.125,+2695.49,+885.058,+1999.73,+657.445
2000-01-01 01:40:00 EST,+6644.04,+2181.67,+2100.71,+688.741,+2802.37,+920.323,+1740.97,+572.603
2000-01-01 01:41:00 EST,+6580.74,+2160.93,+2305.05,+755.593,+2635.18,+866.052,+1640.51,+539.284
2000-01-01 01:42:00 EST,+6871.52,+2256.38,+2580.94,+846.085,+2635,+866.202,+1655.58,+544.093
2000-01-01 01:43:00 EST,+6673.34,+2191.25,+2782.61,+912.089,+2342.54,+770.678,+1548.19,+508.481
2000-01-01 01:44:00 EST,+6635.33,+2178.75,+2782.62,+912.099,+2304.51,+758.2,+1548.2,+508.454
2000-01-01 01:45:00 EST,+6647.35,+2182.7,+2782.6,+912.118,+2304.5,+758.183,+1560.25,+512.402
2000-01-01 01:46:00 EST,+6756.7,+2218.58,+2782.53,+912.03,+2401.91,+790.142,+1572.25,+516.412
2000-01-01 01:47:00 EST,+6516.47,+2139.84,+2650.64,+869.09,+2293.45,+754.323,+1572.38,+516.428
2000-01-01 01:48:00 EST,+6120.47,+2010.02,+2444.31,+801.886,+2103.56,+691.664,+1572.59,+516.472
2000-01-01 01:49:00 EST,+5673.04,+1863.16,+2225.18,+729.877,+2103.86,+691.632,+1343.99,+441.653
2000-01-01 01:50:00 EST,+5309.97,+1743.97,+2225.44,+729.941,+1900.91,+625.185,+1183.62,+388.845
2000-01-01 01:51:00 EST,+5270.79,+1731.13,+2225.47,+729.988,+1861.69,+612.321,+1183.64,+388.818
2000-01-01 01:52:00 EST,+5246.76,+1723.23,+2225.48,+729.959,+1861.7,+612.346,+1159.58,+380.925
2000-01-01 01:53:00 EST,+5365.24,+1762.08,+2225.39,+729.801,+1980.31,+651.282,+1159.53,+381.002
2000-01-01 01:54:00 EST,+5216.46,+1713.34,+2041.35,+669.665,+1980.42,+651.031,+1194.69,+392.64
2000-01-01 01:55:00 EST,+5117.15,+1680.74,+1837.35,+602.795,+2085.07,+685.079,+1194.73,+392.866
2000-01-01 01:56:00 EST,+5130.18,+1685.02,+1837.35,+602.805,+2085.06,+685.067,+1207.76,+397.147
2000-01-01 01:57:00 EST,+5148,+1690.91,+1661.38,+545.435,+2085.11,+684.541,+1401.51,+460.932
2000-01-01 01:58:00 EST,+4857.82,+1595.75,+1661.51,+545.667,+1794.66,+589.381,+1401.65,+460.698
2000-01-01 01:59:00 EST,+4865.04,+1598.1,+1661.48,+545.983,+1576.82,+517.766,+1626.74,+534.347
2000-01-01 02:00:00 EST,+5149.78,+1691.56,+1661.37,+545.96,+1709.33,+561.115,+1779.09,+584.481
2000-01-01 02:01:00 EST,+4749.7,+1560.23,+1443.97,+474.431,+1709.52,+561.16,+1596.21,+524.637
2000-01-01 02:02:00 EST,+4759.14,+1563.25,+1307.66,+429.6,+1855.31,+608.789,+1596.17,+524.86
2000-01-01 02:03:00 EST,+4862.42,+1597.15,+1307.63,+429.656,+1855.26,+608.699,+1699.53,+558.793
2000-01-01 02:04:00 EST,+4936.43,+1621.5,+1479.12,+485.967,+1757.85,+576.988,+1699.47,+558.55
2000-01-01 02:05:00 EST,+4936.43,+1621.5,+1479.12,+485.967,+1757.85,+576.988,+1699.47,+558.55
2000-01-01 02:06:00 EST,+5150.83,+1691.92,+1693.73,+556.388,+1757.74,+577.174,+1699.36,+558.362
2000-01-01 02:07:00 EST,+5150.83,+1691.92,+1693.73,+556.388,+1757.74,+577.174,+1699.36,+558.362
2000-01-01 02:08:00 EST,+5150.83,+1691.92,+1693.73,+556.388,+1757.74,+577.174,+1699.36,+558.362
2000-01-01 02:09:00 EST,+5339.51,+1753.84,+1693.63,+556.566,+1757.61,+576.956,+1888.27,+620.316
2000-01-01 02:10:00 EST,+5667.69,+1861.52,+1867.22,+613.673,+1757.41,+576.953,+2043.06,+670.893
2000-01-01 02:11:00 EST,+5371.97,+1764.42,+1867.37,+613.87,+1477.58,+485.205,+2027.02,+665.346
2000-01-01 02:12:00 EST,+5774.22,+1896.4,+1957.46,+643.727,+1477.45,+485.053,+2339.32,+767.621
2000-01-01 02:13:00 EST,+5833.37,+1915.79,+2120.96,+697.508,+1373.07,+450.918,+2339.34,+767.363
2000-01-01 02:14:00 EST,+6014.85,+1975.36,+2337.86,+768.668,+1373.01,+451.09,+2303.98,+755.599
2000-01-01 02:15:00 EST,+6175.5,+2028.05,+2498.71,+821.45,+1372.93,+451.219,+2303.86,+755.386
2000-01-01 02:16:00 EST,+6175.5,+2028.05,+2498.71,+821.45,+1372.93,+451.219,+2303.86,+755.386
2000-01-01 02:17:00 EST,+6050.96,+1987.21,+2498.81,+821.29,+1372.99,+451.322,+2179.17,+714.596
2000-01-01 02:18:00 EST,+5918.8,+1943.77,+2498.91,+821.468,+1240.64,+407.855,+2179.25,+714.448
2000-01-01 02:19:00 EST,+5944.1,+1952.25,+2332.31,+766.453,+1554.19,+510.83,+2057.6,+674.967
2000-01-01 02:20:00 EST,+5681.28,+1866.01,+2221.84,+730.078,+1554.28,+510.832,+1905.16,+625.1
2000-01-01 02:21:00 EST,+5413.65,+1778.12,+2222.01,+730.177,+1389.79,+456.905,+1801.85,+591.04
2000-01-01 02:22:00 EST,+5449.49,+1789.94,+2082.54,+684.305,+1565.11,+514.43,+1801.83,+591.21
2000-01-01 02:23:00 EST,+5808.91,+1907.84,+2261.43,+743.2,+1564.96,+514.442,+1982.52,+650.2
2000-01-01 02:24:00 EST,+6107.71,+2005.93,+2261.24,+743.325,+1687.14,+554.433,+2159.33,+708.171
2000-01-01 02:25:00 EST,+6289.29,+2065.5,+2261.15,+743.481,+1687.07,+554.318,+2341.07,+767.705
2000-01-01 02:26:00 EST,+6304.37,+2070.43,+2129.16,+700.383,+1687.08,+554.061,+2488.14,+815.982
2000-01-01 02:27:00 EST,+6540.89,+2148.1,+2256.54,+742.113,+1796.39,+589.985,+2487.96,+816.007
2000-01-01 02:28:00 EST,+6826.82,+2241.96,+2434.45,+800.379,+1904.63,+625.675,+2487.73,+815.903
2000-01-01 02:29:00 EST,+7026.99,+2307.75,+2273.34,+747.223,+2266.04,+743.969,+2487.6,+816.563
2000-01-01 02:30:00 EST,+6782.07,+2227.41,+2183.23,+717.414,+2266.18,+744.099,+2332.66,+765.892
2000-01-01 02:31:00 EST,+6749.48,+2216.78,+2339.56,+768.473,+2266.29,+744.37,+2143.63,+703.935
2000-01-01 02:32:00 EST,+6656.29,+2186.16,+2165.69,+711.134,+2488.6,+817.075,+2002,+657.955
2000-01-01 02:33:00 EST,+6579.01,+2160.8,+2165.75,+711.036,+2488.66,+817.187,+1924.6,+632.579
2000-01-01 02:34:00 EST,+6734.95,+2211.91,+2492.53,+817.867,+2488.49,+817.765,+1753.93,+576.275
2000-01-01 02:35:00 EST,+6734.95,+2211.91,+2492.53,+817.867,+2488.49,+817.765,+1753.93,+576.275
2000-01-01 02:36:00 EST,+6327.88,+2078.27,+2275.68,+746.616,+2488.75,+817.744,+1563.44,+513.907
2000-01-01 02:37:00 EST,+6494.51,+2132.96,+2394.25,+785.69,+2376.32,+780.843,+1723.94,+566.429
2000-01-01 02:38:00 EST,+6390.19,+2098.72,+2289.81,+751.476,+2376.39,+780.732,+1723.99,+566.516
2000-01-01 02:39:00 EST,+6390.19,+2098.72,+2289.81,+751.476,+2376.39,+780.732,+1723.99,+566.516
2000-01-01 02:40:00 EST,+6755.78,+2218.61,+2433.75,+798.389,+2598.23,+853.752,+1723.8,+566.467
2000-01-01 02:41:00 EST,+6594.11,+2165.59,+2473.9,+811.702,+2396.34,+787.558,+1723.87,+566.331
2000-01-01 02:42:00 EST,+6258.09,+2055.34,+2474.06,+812.3,+1952.51,+641.845,+1831.52,+601.191
2000-01-01 02:43:00 EST,+6077.66,+1996.09,+2474.19,+812.09,+1952.61,+642.017,+1650.86,+541.979
2000-01-01 02:44:00 EST,+6352.51,+2086.29,+2534.09,+831.494,+2167.7,+712.603,+1650.72,+542.192
2000-01-01 02:45:00 EST,+5948.16,+1953.61,+2239.02,+734.912,+2058.24,+676.423,+1650.9,+542.275
2000-01-01 02:46:00 EST,+5712.79,+1876.24,+2239.26,+734.432,+2145.68,+705.441,+1327.85,+436.37
2000-01-01 02:47:00 EST,+6066.63,+1992.17,+2383.5,+781.173,+2536.78,+834.01,+1146.35,+376.983
2000-01-01 02:48:00 EST,+5969.3,+1960.22,+2136.19,+700.235,+2686.73,+882.799,+1146.38,+377.185
2000-01-01 02:49:00 EST,+5732.48,+1882.54,+2061.02,+675.72,+2525.02,+829.669,+1146.44,+377.15
2000-01-01 02:50:00 EST,+5760.1,+1891.47,+1943.43,+637.084,+2670.24,+877.073,+1146.43,+377.312
2000-01-01 02:51:00 EST,+5460.05,+1793.03,+1943.58,+637.216,+2470.1,+811.561,+1046.36,+344.25
2000-01-01 02:52:00 EST,+5587.77,+1834.85,+1884.03,+617.64,+2657.4,+872.75,+1046.33,+344.462
2000-01-01 02:53:00 EST,+5431.66,+1783.56,+1727.89,+566.378,+2657.43,+872.702,+1046.34,+344.481
2000-01-01 02:54:00 EST,+5426.94,+1782.17,+1945.64,+637.853,+2434.94,+800.047,+1046.36,+344.266
2000-01-01 02:55:00 EST,+5470.15,+1796.31,+1827.06,+599.007,+2596.73,+852.908,+1046.36,+344.396
2000-01-01 02:56:00 EST,+5791.57,+1901.69,+1766.82,+579.236,+2781.13,+913.064,+1243.61,+409.394
2000-01-01 02:57:00 EST,+5922.79,+1944.79,+1898.16,+622.262,+2781.05,+913.197,+1243.58,+409.333
2000-01-01 02:58:00 EST,+5922.79,+1944.79,+1898.16,+622.262,+2781.05,+913.197,+1243.58,+409.333
2000-01-01 02:59:00 EST,+5852.72,+1921.74,+1988.34,+651.684,+2781.17,+913.455,+1083.21,+356.596
2000-01-01 03:00:00 EST,+5745.68,+1886.53,+1988.4,+651.577,+2781.26,+913.619,+976.018,+321.336
2000-01-01 03:01:00 EST,+6044.85,+1984.89,+1988.26,+651.825,+2781.04,+913.242,+1275.55,+419.825
2000-01-01 03:02:00 EST,+5489.89,+1802.85,+1804.69,+592.022,+2409.48,+791.067,+1275.72,+419.762
2000-01-01 03:03:00 EST,+5796.3,+1903.51,+1959.02,+642.693,+2409.3,+791.094,+1427.97,+469.726
2000-01-01 03:04:00 EST,+6192.96,+2033.82,+2018.91,+662.711,+2409.05,+790.684,+1765,+580.425
2000-01-01 03:05:00 EST,+6263.02,+2056.84,+2088.99,+685.722,+2409.04,+790.703,+1765,+580.411
2000-01-01 03:06:00 EST,+6047.68,+1986.32,+2089.11,+685.937,+2193.46,+720.171,+1765.11,+580.215
2000-01-01 03:07:00 EST,+6052.81,+1987.99,+2094.29,+687.562,+2193.42,+720.239,+1765.1,+580.187
2000-01-01 03:08:00 EST,+5946.64,+1953.13,+1973.91,+648.217,+2104.19,+690.761,+1868.54,+614.155
2000-01-01 03:09:00 EST,+5738.79,+1884.97,+1974.03,+648.667,+1713.4,+562.593,+2051.35,+673.706
2000-01-01 03:10:00 EST,+5471,+1797.06,+2034.29,+668.74,+1385.16,+454.967,+2051.55,+673.352
2000-01-01 03:11:00 EST,+5604.77,+1840.89,+1974.12,+649.176,+1385.08,+454.803,+2245.57,+736.911
2000-01-01 03:12:00 EST,+5720.28,+1878.76,+1974.06,+649.274,+1385.03,+454.725,+2361.19,+774.76
2000-01-01 03:13:00 EST,+5720.28,+1878.76,+1974.06,+649.274,+1385.03,+454.725,+2361.19,+774.76
2000-01-01 03:14:00 EST,+5823.57,+1912.66,+2145.78,+705.724,+1316.67,+432.505,+2361.12,+774.433
2000-01-01 03:15:00 EST,+5590.83,+1836.31,+2145.88,+705.525,+1277.85,+419.832,+2167.1,+710.951
2000-01-01 03:16:00 EST,+5790.78,+1901.89,+1927.99,+634.045,+1480.52,+485.974,+2382.27,+781.876
2000-01-01 03:17:00 EST,+5771.14,+1895.36,+1786.6,+587.704,+1480.51,+485.809,+2504.03,+821.848
2000-01-01 03:18:00 EST,+5525,+1814.71,+1786.69,+587.26,+1645.42,+540.042,+2092.9,+687.407
2000-01-01 03:19:00 EST,+5619.2,+1845.67,+1987.49,+653.067,+1645.34,+540.313,+1986.37,+652.287
2000-01-01 03:20:00 EST,+5674.4,+1863.78,+1987.47,+653.116,+1645.31,+540.265,+2041.63,+670.395
2000-01-01 03:21:00 EST,+5774.01,+1896.41,+1897.96,+623.999,+1645.23,+539.956,+2230.82,+732.459
2000-01-01 03:22:00 EST,+6286.11,+2064.39,+1897.68,+623.951,+1900.41,+623.28,+2488.02,+817.156
2000-01-01 03:23:00 EST,+6337.14,+2081.21,+2101.63,+690.754,+1900.32,+623.646,+2335.2,+766.807
2000-01-01 03:24:00 EST,+6516.91,+2140.16,+2101.51,+690.554,+2080.33,+682.58,+2335.07,+767.03
2000-01-01 03:25:00 EST,+6625.09,+2175.7,+2299.36,+755.329,+2080.26,+682.889,+2245.47,+737.484
2000-01-01 03:26:00 EST,+6365.29,+2090.43,+2249.43,+738.914,+1973.8,+648.076,+2142.07,+703.443
2000-01-01 03:27:00 EST,+9458.42,+3101.54,+2351.87,+776.499,+1971.96,+645.033,+5134.59,+1680
2000-01-01 03:28:00 EST,+9624.61,+3156.15,+2518.27,+831.273,+1971.9,+645.128,+5134.44,+1679.75
2000-01-01 03:29:00 EST,+9736.21,+3192.5,+2518.19,+831.402,+1971.84,+645.011,+5246.19,+1716.09
2000-01-01 03:30:00 EST,+9619.84,+3154.53,+2518.27,+831.266,+1971.91,+645.134,+5129.65,+1678.13
2000-01-01 03:31:00 EST,+9835.43,+3225.34,+2735.13,+902.759,+1971.78,+645.324,+5128.52,+1677.25
2000-01-01 03:32:00 EST,+9899.97,+3245.98,+2735.09,+903.163,+1853.15,+606.436,+5311.74,+1736.38
2000-01-01 03:33:00 EST,+9740.58,+3193.53,+2697.69,+890.842,+1730.69,+566.339,+5312.2,+1736.35
2000-01-01 03:34:00 EST,+10038.6,+3291.38,+2858.39,+943.852,+1827.76,+598.268,+5352.47,+1749.26
2000-01-01 03:35:00 EST,+9875.1,+3238.16,+2858.52,+943.64,+1827.84,+598.424,+5188.73,+1696.09
2000-01-01 03:36:00 EST,+9836.8,+3225.33,+2726.62,+900.225,+1827.91,+598.158,+5282.27,+1726.95
2000-01-01 03:37:00 EST,+9573.4,+3138.74,+2462.67,+813.191,+1828.06,+597.907,+5282.67,+1727.64
2000-01-01 03:38:00 EST,+9503.36,+3115.68,+2462.71,+813.269,+1757.82,+575.034,+5282.82,+1727.38
2000-01-01 03:39:00 EST,+9795.89,+3211.53,+2422.42,+800.028,+1919.11,+627.664,+5454.36,+1783.84
2000-01-01 03:40:00 EST,+9701.11,+3179.79,+2422.47,+800.577,+1645.08,+538.12,+5633.56,+1841.09
2000-01-01 03:41:00 EST,+10078.4,+3303.93,+2601.06,+859.377,+1844.49,+603.397,+5632.81,+1841.15
2000-01-01 03:42:00 EST,+10106.3,+3313.14,+2601.04,+859.403,+1865.45,+610.265,+5639.84,+1843.47
2000-01-01 03:43:00 EST,+9987.64,+3274.21,+2510.86,+829.595,+1865.52,+610.296,+5611.26,+1834.32
2000-01-01 03:44:00 EST,+9975.25,+3270.68,+2744.95,+906.369,+1865.54,+610.74,+5364.76,+1753.58
2000-01-01 03:45:00 EST,+9729.73,+3190,+2498.87,+825.227,+1865.69,+610.488,+5365.18,+1754.29
2000-01-01 03:46:00 EST,+9704.61,+3181.74,+2498.92,+825.321,+1840.4,+602.337,+5365.3,+1754.08
2000-01-01 03:47:00 EST,+6538.31,+2147.4,+2337.42,+768.12,+1941.44,+637.624,+2259.45,+741.654
2000-01-01 03:48:00 EST,+6595.56,+2166.17,+2394.75,+786.91,+1941.4,+637.686,+2259.4,+741.575
2000-01-01 03:49:00 EST,+6530.49,+2144.8,+2329.66,+765.534,+1941.41,+637.671,+2259.41,+741.592
2000-01-01 03:50:00 EST,+6364.18,+2090.19,+2163.23,+710.905,+1941.47,+637.578,+2259.48,+741.704
2000-01-01 03:51:00 EST,+6464.52,+2123.1,+2163.18,+710.984,+1941.42,+637.5,+2359.91,+774.62
2000-01-01 03:52:00 EST,+6186.55,+2031.91,+2163.34,+710.876,+1844.22,+605.763,+2178.99,+715.266
2000-01-01 03:53:00 EST,+5788.43,+1901.24,+1946.61,+639.606,+1844.4,+605.716,+1997.42,+655.915
2000-01-01 03:54:00 EST,+6039.77,+1983.79,+2085.9,+685.297,+1956.52,+642.621,+1997.35,+655.873
2000-01-01 03:55:00 EST,+6345.66,+2084.19,+2085.76,+685.044,+2262.7,+743.007,+1997.19,+656.138
2000-01-01 03:56:00 EST,+6402.58,+2102.9,+2206.24,+724.373,+2325.84,+763.968,+1870.51,+614.554
2000-01-01 03:57:00 EST,+6574,+2159.17,+2337.62,+767.504,+2325.75,+764.034,+1910.63,+627.632
2000-01-01 03:58:00 EST,+6835.89,+2245.1,+2377.53,+780.404,+2547.86,+836.849,+1910.49,+627.843
2000-01-01 03:59:00 EST,+6810.49,+2236.82,+2533.83,+831.799,+2386.2,+783.908,+1890.46,+621.108
2000-01-01 04:00:00 EST,+6743.27,+2214.74,+2573.97,+844.816,+2386.28,+784.065,+1783.02,+585.858
2000-01-01 04:01:00 EST,+6505.04,+2136.23,+2544.01,+834.082,+2587.32,+850.578,+1373.72,+451.57
2000-01-01 04:02:00 EST,+6346.32,+2083.95,+2728.6,+894.231,+2420.41,+796.26,+1197.3,+393.457
2000-01-01 04:03:00 EST,+5976.07,+1962.43,+2549.69,+835.655,+2370.22,+779.631,+1056.16,+347.146
2000-01-01 04:04:00 EST,+6335.83,+2080.35,+2549.37,+835.09,+2730.41,+897.916,+1056.04,+347.348
2000-01-01 04:05:00 EST,+6236.32,+2047.74,+2549.44,+835.217,+2630.8,+865.236,+1056.08,+347.287
2000-01-01 04:06:00 EST,+5779.81,+1898.18,+2157.18,+707.264,+2476.31,+813.866,+1146.32,+377.048
2000-01-01 04:07:00 EST,+6080.06,+1996.62,+2273.19,+745.16,+2660.63,+874.316,+1146.24,+377.142
2000-01-01 04:08:00 EST,+6507.78,+2136.89,+2479.15,+812.34,+2882.52,+947.444,+1146.11,+377.104
2000-01-01 04:09:00 EST,+6594.94,+2165.3,+2479.07,+812.004,+3069.95,+1008.99,+1045.92,+344.3
2000-01-01 04:10:00 EST,+6594.94,+2165.3,+2479.07,+812.004,+3069.95,+1008.99,+1045.92,+344.3
2000-01-01 04:11:00 EST,+6684.36,+2194.61,+2568.61,+841.211,+3069.85,+1009.15,+1045.89,+344.25
2000-01-01 04:12:00 EST,+6678.11,+2192.63,+2568.58,+841.359,+2957.49,+972.152,+1152.04,+379.121
2000-01-01 04:13:00 EST,+6733.59,+2211.01,+2568.54,+841.686,+2852.64,+937.582,+1312.4,+431.741
2000-01-01 04:14:00 EST,+6686.17,+2195.54,+2308.55,+756.823,+2852.62,+937.026,+1525,+501.696
2000-01-01 04:15:00 EST,+6479.43,+2127.71,+2101.51,+689.157,+2852.82,+936.685,+1525.1,+501.866
2000-01-01 04:16:00 EST,+6771.52,+2223.52,+2101.36,+689.153,+2962.67,+972.454,+1707.48,+561.909
2000-01-01 04:17:00 EST,+6482.25,+2128.71,+1970.06,+646.514,+2610.82,+856.824,+1901.37,+625.371
2000-01-01 04:18:00 EST,+6403.71,+2103.01,+2087.45,+685.126,+2414.85,+792.747,+1901.41,+625.137
2000-01-01 04:19:00 EST,+6403.71,+2103.01,+2087.45,+685.126,+2414.85,+792.747,+1901.41,+625.137
2000-01-01 04:20:00 EST,+6181.74,+2030.23,+2087.57,+685.342,+2192.64,+719.963,+1901.54,+624.922
2000-01-01 04:21:00 EST,+6013.26,+1974.96,+2103.32,+690.565,+2008.38,+659.803,+1901.56,+624.594
2000-01-01 04:22:00 EST,+6210.79,+2039.8,+2103.23,+690.721,+2008.29,+659.644,+2099.27,+689.43
2000-01-01 04:23:00 EST,+5792.88,+1902.58,+1885.64,+619.446,+1807.76,+593.693,+2099.48,+689.445
2000-01-01 04:24:00 EST,+5473.82,+1797.89,+1701.93,+559.377,+1663.13,+546.06,+2108.77,+692.454
2000-01-01 04:25:00 EST,+5961.83,+1957.96,+1763.34,+579.782,+1785.2,+586.032,+2413.29,+792.15
2000-01-01 04:26:00 EST,+5594.7,+1837.49,+1763.52,+579.907,+1570.37,+515.715,+2260.81,+741.864
2000-01-01 04:27:00 EST,+5594.7,+1837.49,+1763.52,+579.907,+1570.37,+515.715,+2260.81,+741.864
2000-01-01 04:28:00 EST,+5381.88,+1767.68,+1763.63,+579.718,+1570.46,+515.875,+2047.79,+672.092
2000-01-01 04:29:00 EST,+5436.83,+1785.75,+1818.57,+597.79,+1570.46,+515.865,+2047.79,+672.097
2000-01-01 04:30:00 EST,+5399.27,+1773.32,+1917.84,+630.689,+1348.93,+443.13,+2132.5,+699.501
2000-01-01 04:31:00 EST,+5243.55,+1722.26,+1917.94,+630.49,+1387.07,+455.757,+1938.54,+636.017
2000-01-01 04:32:00 EST,+5634.64,+1850.68,+1917.68,+630.275,+1674.06,+549.786,+2042.9,+670.615
2000-01-01 04:33:00 EST,+5956.83,+1956.38,+2059.22,+676.892,+1673.89,+549.773,+2223.71,+729.71
2000-01-01 04:34:00 EST,+5979.89,+1963.95,+2059.21,+676.865,+1696.99,+557.346,+2223.7,+729.736
2000-01-01 04:35:00 EST,+5819.14,+1911.24,+2059.32,+676.676,+1697.08,+557.507,+2062.74,+677.052
2000-01-01 04:36:00 EST,+5916.59,+1943.19,+2156.9,+708.659,+1697.01,+557.616,+2062.67,+676.919
2000-01-01 04:37:00 EST,+6180.84,+2029.84,+2421.51,+795.363,+1696.85,+557.887,+2062.48,+676.594
2000-01-01 04:38:00 EST,+6301.59,+2069.43,+2522.07,+827.834,+1899.81,+624.701,+1879.71,+616.896
2000-01-01 04:39:00 EST,+6282.59,+2063.18,+2542.24,+834.374,+1899.81,+624.746,+1840.54,+604.061
2000-01-01 04:40:00 EST,+6605.24,+2169.13,+2521.91,+827.821,+2061.23,+677.587,+2022.11,+663.726
2000-01-01 04:41:00 EST,+6605.24,+2169.13,+2521.91,+827.821,+2061.23,+677.587,+2022.11,+663.726
2000-01-01 04:42:00 EST,+6642.24,+2181.28,+2521.94,+827.49,+2222.84,+730.753,+1897.45,+623.034
2000-01-01 04:43:00 EST,+6429.85,+2111.5,+2542.28,+834.015,+2100.49,+690.708,+1787.08,+586.775
2000-01-01 04:44:00 EST,+6031.49,+1980.78,+2341.14,+767.969,+2100.73,+690.632,+1589.63,+522.179
2000-01-01 04:45:00 EST,+6139.89,+2016.35,+2341.06,+767.831,+2209.27,+726.239,+1589.57,+522.278
2000-01-01 04:46:00 EST,+6139.89,+2016.35,+2341.06,+767.831,+2209.27,+726.239,+1589.57,+522.278
2000-01-01 04:47:00 EST,+6475.89,+2126.6,+2522.64,+827.208,+2363.79,+777.1,+1589.45,+522.289
2000-01-01 04:48:00 EST,+6270.96,+2059.41,+2317.48,+760.096,+2363.94,+776.857,+1589.55,+522.455
2000-01-01 04:49:00 EST,+6136.75,+2015.32,+2408.53,+790.061,+2138.63,+703.132,+1589.6,+522.129
2000-01-01 04:50:00 EST,+5872.46,+1928.67,+2193.46,+719.852,+2016.04,+662.648,+1662.96,+546.173
2000-01-01 04:51:00 EST,+6116.57,+2008.69,+2264.03,+742.904,+2086.29,+685.697,+1766.25,+580.094
2000-01-01 04:52:00 EST,+5890.92,+1934.6,+2264.23,+742.796,+2051.14,+674.302,+1575.54,+517.502
2000-01-01 04:53:00 EST,+5735.14,+1883.52,+2288.86,+750.765,+2051.28,+674.43,+1395,+458.321
2000-01-01 04:54:00 EST,+5896.29,+1936.49,+2288.69,+750.916,+2066.17,+679.248,+1541.42,+506.325
2000-01-01 04:55:00 EST,+6353.61,+2086.61,+2288.39,+751.067,+2211.8,+726.73,+1853.42,+608.818
2000-01-01 04:56:00 EST,+6367.66,+2091.23,+2288.38,+751.046,+2225.87,+731.347,+1853.41,+608.833
2000-01-01 04:57:00 EST,+6604.53,+2168.95,+2348.63,+771.072,+2225.7,+731.189,+2030.2,+666.688
2000-01-01 04:58:00 EST,+6834.68,+2244.4,+2567.03,+842.543,+2237.61,+735.41,+2030.04,+666.444
2000-01-01 04:59:00 EST,+6980.53,+2292.19,+2566.9,+841.877,+2538.46,+834.246,+1875.17,+616.063
2000-01-01 05:00:00 EST,+6656,+2185.78,+2506.63,+822.638,+2173.64,+714.433,+1975.73,+648.709
2000-01-01 05:01:00 EST,+6299.8,+2068.91,+2050.4,+673.079,+2273.49,+746.585,+1975.91,+649.245
2000-01-01 05:02:00 EST,+5956.94,+1956.36,+2050.55,+673.052,+2112.02,+693.758,+1794.37,+589.551
2000-01-01 05:03:00 EST,+6015.12,+1975.45,+2050.51,+672.979,+2170.28,+712.867,+1794.34,+589.608
2000-01-01 05:04:00 EST,+6205.12,+2037.73,+2050.36,+672.718,+2360.55,+775.183,+1794.21,+589.825
2000-01-01 05:05:00 EST,+6751.77,+2217.12,+2166.22,+710.9,+2505.48,+822.398,+2080.07,+683.825
2000-01-01 05:06:00 EST,+6681.32,+2194.05,+2166.28,+710.998,+2434.92,+799.318,+2080.12,+683.735
2000-01-01 05:07:00 EST,+6788.8,+2229.29,+2166.21,+710.891,+2542.52,+834.564,+2080.06,+683.836
2000-01-01 05:08:00 EST,+6899.05,+2265.49,+2276.57,+747.07,+2542.46,+834.663,+2080.01,+683.756
2000-01-01 05:09:00 EST,+6903.07,+2266.82,+2276.56,+747.092,+2542.44,+834.622,+2084.07,+685.101
2000-01-01 05:10:00 EST,+7027.53,+2307.64,+2302.66,+755.563,+2640.87,+866.925,+2084.01,+685.153
2000-01-01 05:11:00 EST,+6755.78,+2218.41,+1891.69,+621.152,+2641.13,+866.11,+2222.96,+731.148
2000-01-01 05:12:00 EST,+6668.45,+2189.76,+1891.73,+621.077,+2641.2,+866.227,+2135.52,+702.454
2000-01-01 05:13:00 EST,+6515.13,+2139.38,+1718.06,+564.206,+2641.37,+865.92,+2155.7,+709.26
2000-01-01 05:14:00 EST,+6480.82,+2128.14,+1718.12,+564.033,+2753.77,+903.023,+2008.93,+661.086
2000-01-01 05:15:00 EST,+6174.98,+2027.73,+1451.6,+476.781,+2607.84,+854.885,+2115.54,+696.069
2000-01-01 05:16:00 EST,+5777.64,+1897.34,+1234.19,+405.57,+2427.64,+795.668,+2115.81,+696.105
2000-01-01 05:17:00 EST,+5913.86,+1942.09,+1451.54,+476.733,+2537.5,+831.967,+1924.81,+633.387
2000-01-01 05:18:00 EST,+6069.85,+1993.38,+1708.02,+560.832,+2537.44,+832.273,+1824.39,+600.276
2000-01-01 05:19:00 EST,+5773.64,+1896.22,+1708.16,+560.848,+2377.5,+780.155,+1687.98,+555.222
2000-01-01 05:20:00 EST,+5904.89,+1939.34,+1839.59,+603.894,+2377.39,+780.337,+1687.91,+555.106
2000-01-01 05:21:00 EST,+5846.37,+1920.2,+2021.28,+663.594,+2177.29,+715.009,+1647.79,+541.596
2000-01-01 05:22:00 EST,+5846.37,+1920.2,+2021.28,+663.594,+2177.29,+715.009,+1647.79,+541.596
2000-01-01 05:23:00 EST,+5784.48,+1899.85,+2111.21,+693.116,+2010.39,+660.52,+1662.87,+546.214
2000-01-01 05:24:00 EST,+6028.1,+1979.82,+2111.09,+693.145,+2132.71,+700.559,+1784.3,+586.12
2000-01-01 05:25:00 EST,+5943.59,+1952.15,+2171.45,+713.057,+1987.8,+653.158,+1784.35,+585.932
2000-01-01 05:26:00 EST,+5807.08,+1907.37,+2212.77,+726.788,+1797.83,+590.914,+1796.48,+589.666
2000-01-01 05:27:00 EST,+7488.59,+2457.81,+2211.71,+728.556,+1797.06,+589.551,+3479.82,+1139.7
2000-01-01 05:28:00 EST,+8064,+2646.31,+2211.37,+728.794,+1997.4,+654.896,+3855.22,+1262.62
2000-01-01 05:29:00 EST,+8130.25,+2668.06,+2211.31,+728.689,+2063.83,+676.549,+3855.1,+1262.82
2000-01-01 05:30:00 EST,+6389.13,+2098.35,+2212.38,+726.895,+2064.75,+678.172,+2112,+693.285
2000-01-01 05:31:00 EST,+5990.07,+1967.34,+1812.85,+595.811,+2064.97,+677.801,+2112.25,+693.731
2000-01-01 05:32:00 EST,+5847.94,+1920.66,+1990.68,+654.311,+1757.07,+577.007,+2100.19,+689.345
2000-01-01 05:33:00 EST,+5720.49,+1878.85,+2111.22,+693.605,+1757.13,+577.278,+1852.14,+607.966
2000-01-01 05:34:00 EST,+7995.11,+2623.57,+2109.85,+691.183,+4034.58,+1321.96,+1850.68,+610.421
2000-01-01 05:35:00 EST,+7784.14,+2554.62,+2109.97,+691.408,+3823.35,+1253.01,+1850.81,+610.206
2000-01-01 05:36:00 EST,+7851.71,+2576.49,+1992.54,+652.802,+4008.42,+1313.22,+1850.75,+610.476
2000-01-01 05:37:00 EST,+5657.34,+1858.13,+1993.81,+655.083,+1791.27,+588.374,+1872.26,+614.67
2000-01-01 05:38:00 EST,+5530.13,+1816.35,+1854.47,+609.341,+1803.36,+592.25,+1872.3,+614.761
2000-01-01 05:39:00 EST,+5746.71,+1887.46,+1964.86,+645.425,+1909.69,+627.259,+1872.17,+614.776
2000-01-01 05:40:00 EST,+6012.74,+1974.73,+2171.88,+713.314,+1909.52,+627.431,+1931.33,+633.981
2000-01-01 05:41:00 EST,+6608.48,+2170.26,+2276.05,+747.065,+2401.42,+788.869,+1931.01,+634.324
2000-01-01 05:42:00 EST,+6345.08,+2083.72,+2408.14,+790.101,+2218.73,+729.357,+1718.21,+564.259
2000-01-01 05:43:00 EST,+6844.95,+2247.72,+2527.69,+829.998,+2088.9,+686.537,+2228.36,+731.189
2000-01-01 05:44:00 EST,+7541.69,+2476.28,+2527.21,+830.521,+2250.1,+738.961,+2764.39,+906.796
2000-01-01 05:45:00 EST,+7497.2,+2461.72,+2320.86,+762.732,+2411.85,+791.672,+2764.49,+907.318
2000-01-01 05:46:00 EST,+7365.94,+2418.61,+2189.45,+719.605,+2411.92,+791.556,+2764.57,+907.455
2000-01-01 05:47:00 EST,+7125.74,+2339.89,+2189.61,+719.638,+2305.36,+756.764,+2630.77,+863.486
2000-01-01 05:48:00 EST,+7088.18,+2327.63,+2189.67,+719.536,+2305.41,+756.851,+2593.1,+851.243
2000-01-01 05:49:00 EST,+7259.83,+2383.96,+2361.58,+775.93,+2305.29,+757.055,+2592.95,+850.976
2000-01-01 05:50:00 EST,+6876.69,+2258.17,+2361.89,+776.375,+1900.75,+624.414,+2614.05,+857.383
2000-01-01 05:51:00 EST,+6856.59,+2251.59,+2241.4,+736.761,+2001.12,+657.219,+2614.07,+857.61
2000-01-01 05:52:00 EST,+6868.61,+2255.54,+2241.39,+736.751,+2013.16,+661.167,+2614.06,+857.621
2000-01-01 05:53:00 EST,+7124.03,+2339.24,+2341.92,+769.949,+2013.01,+661.102,+2769.1,+908.192
2000-01-01 05:54:00 EST,+6796.68,+2231.85,+1856.25,+610.627,+2110.57,+692.436,+2829.86,+928.787
2000-01-01 05:55:00 EST,+9275.61,+3042.05,+1854.65,+608.401,+4264.6,+1393.96,+3156.37,+1039.69
2000-01-01 05:56:00 EST,+9400.26,+3082.89,+1854.61,+608.362,+4349.23,+1421.56,+3196.42,+1052.97
2000-01-01 05:57:00 EST,+9728.09,+3190.62,+2155.69,+706.717,+4436.84,+1451.12,+3135.56,+1032.78
2000-01-01 05:58:00 EST,+9308.76,+3053.39,+2156.24,+711.65,+2240.75,+733.684,+4911.78,+1608.06
2000-01-01 05:59:00 EST,+8871.73,+2910.56,+2049.58,+676.075,+2240.97,+733.993,+4581.19,+1500.5
2000-01-01 06:00:00 EST,+8955.17,+2938.43,+2211.39,+729.015,+2345.39,+768.508,+4398.39,+1440.9
2000-01-01 06:01:00 EST,+9149.34,+3001.48,+2122.35,+694.437,+4788.93,+1568.58,+2238.06,+738.459
2000-01-01 06:02:00 EST,+9398.43,+3083.16,+2285.64,+747.819,+4874.85,+1596.89,+2237.94,+738.443
2000-01-01 06:03:00 EST,+9083.64,+2980.47,+2402.01,+786.403,+4428.39,+1451.12,+2253.24,+742.947
2000-01-01 06:04:00 EST,+6998.9,+2298.39,+2564.54,+842.037,+2154.37,+707.983,+2279.99,+748.367
2000-01-01 06:05:00 EST,+7131.5,+2341.64,+3041.66,+998.133,+1992.65,+655.585,+2097.19,+687.926
2000-01-01 06:06:00 EST,+7250.44,+2380.51,+3349.67,+1098.58,+1992.64,+656.075,+1908.13,+625.849
2000-01-01 06:07:00 EST,+7590.32,+2491.9,+3529.16,+1157.1,+2113.06,+695.886,+1948.11,+638.917
2000-01-01 06:08:00 EST,+7820.78,+2567.6,+3528.97,+1157.4,+2153,+708.843,+2138.82,+701.355
2000-01-01 06:09:00 EST,+7726.91,+2536.91,+3428.04,+1124.21,+2242.4,+738.123,+2056.47,+674.576
2000-01-01 06:10:00 EST,+7694.18,+2526.11,+3428.01,+1123.63,+2407.47,+792.485,+1858.71,+609.999
2000-01-01 06:11:00 EST,+7405.04,+2431.51,+3053.75,+1002.5,+2056.25,+676.11,+2295.04,+752.905
2000-01-01 06:12:00 EST,+7205.86,+2366.07,+3119.45,+1023.88,+1958.96,+644.346,+2127.46,+697.844
2000-01-01 06:13:00 EST,+7266.1,+2385.8,+3180.02,+1043.2,+2113.53,+695.37,+1972.55,+647.229
2000-01-01 06:14:00 EST,+6951.73,+2282.69,+2975.55,+975.996,+2174.14,+715.07,+1802.04,+591.627
2000-01-01 06:15:00 EST,+7093.81,+2329.43,+2759.97,+905.715,+2282.68,+750.122,+2051.16,+673.597
2000-01-01 06:16:00 EST,+7299.94,+2397.02,+2530.67,+830.186,+2718.27,+892.611,+2051,+674.226
2000-01-01 06:17:00 EST,+7672.43,+2519.02,+2530.36,+829.745,+3051.13,+1001.43,+2090.94,+687.845
2000-01-01 06:18:00 EST,+7453.24,+2447.16,+2300.15,+754.708,+2946.39,+966.536,+2206.7,+725.917
2000-01-01 06:19:00 EST,+7008.65,+2301.46,+2198.82,+721.81,+2643.01,+867.21,+2166.82,+712.444
2000-01-01 06:20:00 EST,+7119.05,+2337.69,+2198.75,+721.927,+2642.92,+867.057,+2277.37,+748.706
2000-01-01 06:21:00 EST,+7245.08,+2378.95,+2082.49,+683.914,+2703.19,+886.51,+2459.41,+808.525
2000-01-01 06:22:00 EST,+7509.65,+2465.63,+2156.73,+708.007,+2893.74,+948.933,+2459.18,+808.693
2000-01-01 06:23:00 EST,+7679.69,+2521.33,+2156.62,+707.901,+3003.75,+984.807,+2519.32,+828.62
2000-01-01 06:24:00 EST,+7469.11,+2452.19,+2006.14,+658.515,+3003.93,+984.702,+2459.04,+808.975
2000-01-01 06:25:00 EST,+8087.84,+2654.94,+2005.74,+659.053,+3058.91,+1001.81,+3023.2,+994.079
2000-01-01 06:26:00 EST,+7742.51,+2541.86,+2005.96,+659.123,+2878.39,+943.115,+2858.16,+939.623
2000-01-01 06:27:00 EST,+8964.48,+2941.88,+1861.02,+612.777,+2817.18,+921.7,+4286.28,+1407.4
2000-01-01 06:28:00 EST,+10558.8,+3464.07,+3918.03,+1284.52,+2815.61,+925.954,+3825.21,+1253.6
2000-01-01 06:29:00 EST,+10419.6,+3418.55,+3691.68,+1210.93,+2815.72,+925.336,+3912.21,+1282.28
2000-01-01 06:30:00 EST,+10347.2,+3394.84,+3737.18,+1225.02,+2962.14,+973.65,+3647.9,+1196.17
2000-01-01 06:31:00 EST,+8421.17,+2764.27,+1937.04,+636.717,+3024.8,+990.251,+3459.33,+1137.31
2000-01-01 06:32:00 EST,+8387.87,+2753.58,+2149.73,+706.726,+2798.89,+916.845,+3439.25,+1130.01
2000-01-01 06:33:00 EST,+7910.64,+2597.09,+2150.02,+706.691,+2535.76,+831.136,+3224.86,+1059.26
2000-01-01 06:34:00 EST,+7983.53,+2621.08,+2275.52,+747.836,+2496.33,+818.448,+3211.68,+1054.79
2000-01-01 06:35:00 EST,+8182.12,+2686.27,+2295.55,+753.994,+2817.02,+923.58,+3069.54,+1008.69
2000-01-01 06:36:00 EST,+8178.15,+2684.96,+2306.64,+757.59,+2817.02,+923.63,+3054.49,+1003.74
2000-01-01 06:37:00 EST,+8073.18,+2650.63,+2346.8,+770.946,+2671.77,+876.184,+3054.61,+1003.5
2000-01-01 06:38:00 EST,+7913.33,+2598.23,+2387.1,+784.349,+2471.48,+810.745,+3054.76,+1003.14
2000-01-01 06:39:00 EST,+7941.1,+2607.39,+2683.64,+881.791,+2223.82,+730.118,+3033.64,+995.479
2000-01-01 06:40:00 EST,+8224.17,+2700.26,+2967.12,+974.747,+2223.64,+730.435,+3033.42,+995.081
2000-01-01 06:41:00 EST,+8421.22,+2764.85,+3262.16,+1071.56,+2125.8,+698.78,+3033.26,+994.505
2000-01-01 06:42:00 EST,+8360.93,+2745.08,+3262.22,+1071.47,+2125.84,+698.85,+2972.87,+974.763
2000-01-01 06:43:00 EST,+8268.5,+2714.77,+3262.3,+1071.3,+2133.94,+701.592,+2872.27,+941.876
2000-01-01 06:44:00 EST,+8276.5,+2717.38,+3262.38,+1071.85,+2007.92,+660.126,+3006.2,+985.403
2000-01-01 06:45:00 EST,+8236.23,+2704.19,+3222.05,+1058.65,+2007.94,+660.082,+3006.24,+985.462
2000-01-01 06:46:00 EST,+8117.8,+2665.34,+3242.31,+1065.09,+2007.99,+660.213,+2867.5,+940.044
2000-01-01 06:47:00 EST,+8289.32,+2721.66,+3242.12,+1064.76,+2179.84,+716.613,+2867.35,+940.289
2000-01-01 06:48:00 EST,+8018.45,+2632.79,+2970.99,+975.814,+2179.95,+716.421,+2867.5,+940.553
2000-01-01 06:49:00 EST,+8118.69,+2665.47,+3218.25,+1056.32,+2179.88,+716.941,+2720.55,+892.213
2000-01-01 06:50:00 EST,+15949.4,+5178.93,+11206.4,+3618.01,+2028.12,+679.105,+2714.92,+881.82
2000-01-01 06:51:00 EST,+15973.2,+5185.81,+11279.4,+3640.3,+2141.46,+716.317,+2552.32,+829.194
2000-01-01 06:52:00 EST,+16351.3,+5310.6,+11383.5,+3672.93,+2355.48,+788.783,+2612.32,+848.884
2000-01-01 06:53:00 EST,+8437.55,+2770.15,+3090.17,+1014.46,+2447.85,+804.538,+2899.53,+951.147
2000-01-01 06:54:00 EST,+8445.93,+2772.84,+3019.19,+991.166,+2491.98,+818.938,+2934.75,+962.741
2000-01-01 06:55:00 EST,+12215.7,+4004.01,+3163.82,+1044.79,+2573.9,+842.509,+6477.95,+2116.71
2000-01-01 06:56:00 EST,+15178.8,+4969.59,+6362.83,+2091.18,+2384.75,+785.991,+6431.2,+2092.42
2000-01-01 06:57:00 EST,+15422.9,+5049.17,+6455.48,+2122.91,+2243.27,+739.354,+6724.17,+2186.91
2000-01-01 06:58:00 EST,+17812.1,+5832.35,+6633.9,+2171.64,+4306.81,+1418.02,+6871.38,+2242.69
2000-01-01 06:59:00 EST,+17234.8,+5643.91,+6286.1,+2056.57,+4347.91,+1431.2,+6600.74,+2156.14
2000-01-01 07:00:00 EST,+17868.8,+5851.41,+6695.66,+2191.34,+4376.7,+1440.91,+6796.47,+2219.16
2000-01-01 07:01:00 EST,+15911,+5207.7,+6970.91,+2291.27,+2159.81,+712.39,+6780.27,+2204.04
2000-01-01 07:02:00 EST,+15609.2,+5110.23,+6513.62,+2142.72,+2160.16,+711.561,+6935.41,+2255.95
2000-01-01 07:03:00 EST,+15929.6,+5214.86,+6568.13,+2160.06,+2340.31,+770.765,+7021.19,+2284.04
2000-01-01 07:04:00 EST,+15784,+5167.22,+6250.23,+2055.63,+2451.63,+807.098,+7082.12,+2304.49
2000-01-01 07:05:00 EST,+17928.3,+5861.54,+8112.55,+2659.61,+2585.22,+854.286,+7230.52,+2347.64
2000-01-01 07:06:00 EST,+18008,+5888.28,+8070.99,+2645.53,+2767.6,+914.216,+7169.4,+2328.53
2000-01-01 07:07:00 EST,+32015.4,+10458.2,+11349.7,+3681.2,+13334.5,+4369.38,+7331.23,+2407.57
2000-01-01 07:08:00 EST,+30017.7,+9812.28,+9290.45,+3021.96,+13392.1,+4375.44,+7335.12,+2414.88
2000-01-01 07:09:00 EST,+30261.3,+9891.47,+9494.47,+3087.06,+13447.9,+4394.95,+7318.91,+2409.45
2000-01-01 07:10:00 EST,+28817.6,+9418.91,+9503.37,+3088.04,+11679.5,+3811.6,+7634.68,+2519.27
2000-01-01 07:11:00 EST,+28933.7,+9457.17,+9306.89,+3024.93,+11992,+3911.02,+7634.76,+2521.22
2000-01-01 07:12:00 EST,+29204.2,+9545.73,+9286.29,+3019.56,+11980.7,+3905.61,+7937.19,+2620.56
2000-01-01 07:13:00 EST,+22419.9,+7340.84,+9283.28,+3043.4,+5172.68,+1702.19,+7963.96,+2595.25
2000-01-01 07:14:00 EST,+22150.9,+7252.82,+9356.17,+3066.34,+5088.33,+1675.04,+7706.44,+2511.44
2000-01-01 07:15:00 EST,+19752,+6467.65,+9531.62,+3105.7,+5568.07,+1840.1,+4652.25,+1521.85
2000-01-01 07:16:00 EST,+14808.6,+4856.83,+6746.46,+2212.91,+3403.58,+1121.19,+4658.54,+1522.73
2000-01-01 07:17:00 EST,+15060.8,+4939.49,+6846.34,+2246.81,+3312.71,+1091.04,+4901.77,+1601.65
2000-01-01 07:18:00 EST,+15052.5,+4937.32,+6613.59,+2170.14,+3577.57,+1177.51,+4861.37,+1589.67
2000-01-01 07:19:00 EST,+17898.6,+5866.36,+7023.31,+2313.71,+3553.26,+1166.69,+7322,+2385.96
2000-01-01 07:20:00 EST,+22163.8,+7259.13,+8812.66,+2908.76,+3819.98,+1251.72,+9531.16,+3098.65
2000-01-01 07:21:00 EST,+22792.2,+7466.08,+9197.65,+3033.38,+4202.46,+1377.15,+9392.12,+3055.55
2000-01-01 07:22:00 EST,+30808.5,+10011.9,+9549.53,+3185.9,+4204.67,+1364.68,+17054.3,+5461.33
2000-01-01 07:23:00 EST,+28205.5,+9177.02,+9473.73,+3149.85,+4286.85,+1395.47,+14444.9,+4631.69
2000-01-01 07:24:00 EST,+28236.8,+9186.17,+9656.16,+3211.21,+4063.71,+1322.95,+14516.9,+4652.01
2000-01-01 07:25:00 EST,+28665.3,+9371.82,+9612.8,+3124.79,+14417.9,+4711.44,+4634.57,+1535.6
2000-01-01 07:26:00 EST,+28845.8,+9429.64,+9501.66,+3087.57,+14710,+4805.72,+4634.17,+1536.36
2000-01-01 07:27:00 EST,+34654.2,+11269.9,+16573.3,+5299.21,+14687.3,+4856.2,+3393.7,+1114.45
2000-01-01 07:28:00 EST,+24390.2,+7924.08,+16711.3,+5393.11,+4101.25,+1373.65,+3577.66,+1157.31
2000-01-01 07:29:00 EST,+24456.6,+7947.01,+16659.4,+5374.09,+4402.3,+1473.98,+3394.91,+1098.94
2000-01-01 07:30:00 EST,+14606.3,+4793.54,+6547.15,+2146.15,+4577.35,+1504.33,+3481.83,+1143.06
2000-01-01 07:31:00 EST,+15758.3,+5171.56,+6398.75,+2096.87,+5871.82,+1929.01,+3487.75,+1145.68
2000-01-01 07:32:00 EST,+15516.3,+5092.04,+6390.09,+2092.96,+5972.93,+1962.86,+3153.25,+1036.22
2000-01-01 07:33:00 EST,+15433.1,+5064.48,+6253.84,+2047.4,+6228.39,+2046.52,+2950.87,+970.565
2000-01-01 07:34:00 EST,+14141,+4640.89,+6447.34,+2112.34,+4596.51,+1511.42,+3097.17,+1017.12
2000-01-01 07:35:00 EST,+13805.9,+4530.84,+6396.45,+2094.88,+4596.92,+1512.02,+2812.53,+923.945
2000-01-01 07:36:00 EST,+14065.5,+4615.94,+6396.05,+2094.8,+4744.3,+1560.05,+2925.1,+961.086
2000-01-01 07:37:00 EST,+13807.3,+4531.24,+6462.28,+2116.56,+4521.21,+1487.3,+2823.8,+927.379
2000-01-01 07:38:00 EST,+14177.3,+4652.44,+6656.88,+2179.81,+4737.07,+1558.2,+2783.35,+914.423
2000-01-01 07:39:00 EST,+16564.6,+5428.97,+8959.18,+2923.85,+4924.69,+1627.03,+2680.69,+878.097
2000-01-01 07:40:00 EST,+16239.3,+5322.43,+8959.73,+2925.2,+4558.44,+1506.49,+2721.15,+890.736
2000-01-01 07:41:00 EST,+15679.4,+5140.28,+8410.16,+2749.53,+4117.21,+1359.45,+3152.02,+1031.29
2000-01-01 07:42:00 EST,+15356.8,+5036.82,+6065.32,+1984.05,+6316.58,+2071.49,+2974.93,+981.278
2000-01-01 07:43:00 EST,+15368.7,+5040.96,+6133.22,+2006.32,+6240.44,+2047.06,+2995.08,+987.589
2000-01-01 07:44:00 EST,+25280.6,+8223.68,+16055,+5169.73,+5986.74,+2001.25,+3238.81,+1052.7
2000-01-01 07:45:00 EST,+25147.5,+8179.02,+16209.1,+5251.44,+3680.04,+1230.42,+5258.36,+1697.17
2000-01-01 07:46:00 EST,+25075.5,+8153.94,+16367.5,+5300.07,+3660.13,+1224.71,+5047.88,+1629.16
2000-01-01 07:47:00 EST,+15578.3,+5107.22,+4375.35,+1443.62,+4120.98,+1348.05,+7081.98,+2315.55
2000-01-01 07:48:00 EST,+13822.9,+4535.38,+4570.05,+1502.43,+4210.68,+1380.9,+5042.16,+1652.04
2000-01-01 07:49:00 EST,+15557.7,+5100.82,+4472.32,+1475,+4185.44,+1369.62,+6899.89,+2256.2
2000-01-01 07:50:00 EST,+13403.6,+4398.14,+4609.69,+1514.56,+4175.78,+1370.16,+4618.16,+1513.42
2000-01-01 07:51:00 EST,+16557,+5425.96,+7811.18,+2557.52,+4112.18,+1357.02,+4633.68,+1511.42
2000-01-01 07:52:00 EST,+18265.4,+5986.23,+7775.85,+2542.76,+5741.6,+1891.31,+4747.93,+1552.17
2000-01-01 07:53:00 EST,+18488.9,+6058.87,+8044.65,+2630.55,+5615.84,+1850.84,+4828.38,+1577.48
2000-01-01 07:54:00 EST,+20331.9,+6660.33,+8008.13,+2629.23,+5500.84,+1808.42,+6822.96,+2222.68
2000-01-01 07:55:00 EST,+19149.7,+6271.64,+7955.33,+2616.99,+4035.24,+1327.64,+7159.19,+2327.01
2000-01-01 07:56:00 EST,+20741.7,+6794.06,+8136.93,+2675.03,+5446.73,+1791.1,+7158.01,+2327.93
2000-01-01 07:57:00 EST,+27917.1,+9123.59,+8224.19,+2723.87,+5497.03,+1799.68,+14195.9,+4600.04
2000-01-01 07:58:00 EST,+30024.3,+9813.4,+10295.6,+3405.6,+5601.86,+1838.33,+14126.9,+4569.47
2000-01-01 07:59:00 EST,+28566.9,+9334.69,+10207,+3377.27,+4292.9,+1409.47,+14066.9,+4547.95
2000-01-01 08:00:00 EST,+19147.5,+6271.02,+9849.21,+3221.03,+4347.45,+1437.99,+4950.81,+1612
2000-01-01 08:01:00 EST,+23350.4,+7630.32,+13993.4,+4559.95,+4378.25,+1457.36,+4978.71,+1613.01
2000-01-01 08:02:00 EST,+23388.1,+7640.26,+14298.5,+4657.81,+4252.19,+1416.22,+4837.49,+1566.23
2000-01-01 08:03:00 EST,+21407.3,+7004.32,+12143.4,+3964.86,+4337.61,+1439.18,+4926.28,+1600.28
2000-01-01 08:04:00 EST,+22671.2,+7410.8,+12927.7,+4214.68,+4516.42,+1501.68,+5227,+1694.44
2000-01-01 08:05:00 EST,+30134.9,+9834.97,+12656.8,+4193.09,+4366.44,+1437.12,+13111.6,+4204.77
2000-01-01 08:06:00 EST,+40413.7,+13143.5,+12801.1,+4294.68,+6229.03,+2029.73,+21383.6,+6819.13
2000-01-01 08:07:00 EST,+40171.1,+13062.8,+12420.9,+4169.37,+6239.4,+2031.58,+21510.9,+6861.84
2000-01-01 08:08:00 EST,+32520,+10618.9,+12648.7,+4180.51,+6195.38,+2036.48,+13676,+4401.93
2000-01-01 08:09:00 EST,+24521.1,+8017.9,+13117.1,+4273.07,+5879.63,+1951.26,+5524.46,+1793.57
2000-01-01 08:10:00 EST,+23014.2,+7521.79,+13096.7,+4252.57,+6018.22,+2000.65,+3899.25,+1268.57
2000-01-01 08:11:00 EST,+20388.5,+6674.56,+10362.6,+3374.44,+6017.68,+1991.09,+4008.24,+1309.03
2000-01-01 08:12:00 EST,+20893.2,+6840.45,+10400.8,+3387.45,+6254.71,+2068.71,+4237.7,+1384.29
2000-01-01 08:13:00 EST,+31804.1,+10369.4,+10067.8,+3236.27,+17124.4,+5596.99,+4611.94,+1536.1
2000-01-01 08:14:00 EST,+32326.6,+10539,+10476,+3365.88,+17289.7,+5654.22,+4560.93,+1518.92
2000-01-01 08:15:00 EST,+32528.3,+10604,+10373.9,+3332.57,+17418.7,+5693.78,+4735.68,+1577.64
2000-01-01 08:16:00 EST,+22288.9,+7297.33,+10512.2,+3423.34,+7031.26,+2323.49,+4745.42,+1550.5
2000-01-01 08:17:00 EST,+30433.4,+9903,+18839.6,+6074.56,+6931.1,+2322.32,+4662.66,+1506.12
2000-01-01 08:18:00 EST,+27995.5,+9118.1,+16350.1,+5275.93,+6978.45,+2330.56,+4667,+1511.61
2000-01-01 08:19:00 EST,+26913.7,+8764.96,+16073.2,+5184.82,+6560.98,+2193.24,+4279.49,+1386.9
2000-01-01 08:20:00 EST,+18451.7,+6043.88,+7999.73,+2606.11,+6388.1,+2106.67,+4063.88,+1331.1
2000-01-01 08:21:00 EST,+18633.9,+6104.23,+7688.03,+2504.65,+6740.06,+2220.86,+4205.85,+1378.72
2000-01-01 08:22:00 EST,+18325.2,+6003.44,+7545.61,+2459.56,+6483.52,+2135.94,+4296.1,+1407.94
2000-01-01 08:23:00 EST,+18384,+6022.53,+7729.56,+2519.06,+6463.48,+2129.99,+4190.96,+1373.48
2000-01-01 08:24:00 EST,+15812.7,+5186.31,+4713.46,+1542.02,+7101.83,+2327.21,+3997.38,+1317.08
2000-01-01 08:25:00 EST,+16070.3,+5270.53,+4864.21,+1590.74,+7269.43,+2382.4,+3936.67,+1297.39
2000-01-01 08:26:00 EST,+16628.8,+5453.09,+5212.48,+1703.41,+7574,+2483.02,+3842.36,+1266.66
2000-01-01 08:27:00 EST,+15048.2,+4937.43,+5106.35,+1671.49,+6097.81,+2001.42,+3844.01,+1264.52
2000-01-01 08:28:00 EST,+22907.8,+7468.53,+12787.4,+4124.06,+6347.21,+2115.69,+3773.16,+1228.77
2000-01-01 08:29:00 EST,+22581.9,+7361.38,+12733.5,+4106.53,+6185.62,+2061.98,+3662.82,+1192.86
2000-01-01 08:30:00 EST,+33212.5,+10723.8,+23034,+7334.56,+6394.78,+2172.82,+3783.68,+1216.39
2000-01-01 08:31:00 EST,+24267.3,+7889.58,+14943.6,+4806.32,+5832.08,+1949.53,+3491.53,+1133.73
2000-01-01 08:32:00 EST,+24676.9,+8023.73,+15160.7,+4878.86,+5831.29,+1949.19,+3684.93,+1195.67
2000-01-01 08:33:00 EST,+17256.3,+5661.4,+7372.83,+2412.65,+6218.57,+2043.37,+3664.94,+1205.38
2000-01-01 08:34:00 EST,+25829.8,+8459.17,+7422.95,+2420.7,+14825.7,+4853.99,+3581.11,+1184.47
2000-01-01 08:35:00 EST,+27633.5,+9051.58,+7473.02,+2442.53,+14750.5,+4823.43,+5409.97,+1785.62
2000-01-01 08:36:00 EST,+26222.8,+8587.25,+5376.42,+1758.14,+14947.1,+4881.31,+5899.29,+1947.8
2000-01-01 08:37:00 EST,+17743,+5819.92,+5598.73,+1837.53,+6259.79,+2051.12,+5884.46,+1931.27
2000-01-01 08:38:00 EST,+15704.5,+5152.61,+5482.01,+1794.65,+6175.93,+2027.35,+4046.56,+1330.61
2000-01-01 08:39:00 EST,+15993.2,+5247.22,+5702.86,+1866.71,+6264.13,+2056.49,+4026.25,+1324.03
2000-01-01 08:40:00 EST,+19289.9,+6319.58,+8916.79,+2905.19,+6483.89,+2140.44,+3889.26,+1273.95
2000-01-01 08:41:00 EST,+19631.9,+6429.84,+9573.62,+3117.75,+6287.21,+2078.29,+3771.05,+1233.8
2000-01-01 08:42:00 EST,+22013.6,+7211.4,+9509.45,+3112.25,+6087.85,+2005.85,+6416.26,+2093.3
2000-01-01 08:43:00 EST,+21805.8,+7143.32,+9519.25,+3114.44,+6053.05,+1994.94,+6233.54,+2033.95
2000-01-01 08:44:00 EST,+21762,+7129.35,+9475.11,+3099.85,+6098.93,+2009.53,+6187.97,+2019.98
2000-01-01 08:45:00 EST,+25647.4,+8392.9,+11449.7,+3754.47,+5953.31,+1965.96,+8244.44,+2672.47
2000-01-01 08:46:00 EST,+24616.8,+8056.1,+10971.6,+3598.97,+5720.49,+1888.62,+7924.8,+2568.51
2000-01-01 08:47:00 EST,+27186.1,+8897.77,+11492.7,+3754.61,+8028.59,+2647.89,+7664.86,+2495.27
2000-01-01 08:48:00 EST,+23343.6,+7645.94,+9607.91,+3132.67,+8101.25,+2665.38,+5634.48,+1847.88
2000-01-01 08:49:00 EST,+25298.6,+8284.24,+9603.89,+3125.8,+10062.7,+3306.26,+5631.94,+1852.18
2000-01-01 08:50:00 EST,+24891.9,+8151.85,+9334.53,+3039.82,+9899.75,+3251.22,+5657.65,+1860.82
2000-01-01 08:51:00 EST,+26380,+8640.71,+9025.59,+2949.21,+9536.53,+3125.14,+7817.84,+2566.36
2000-01-01 08:52:00 EST,+24490.5,+8022.87,+8559.43,+2800.57,+8130.35,+2665.43,+7800.68,+2556.88
2000-01-01 08:53:00 EST,+24064.1,+7883,+8519.07,+2788.62,+7627.03,+2500.14,+7917.96,+2594.24
2000-01-01 08:54:00 EST,+21744.8,+7124.1,+8567.76,+2797.84,+7442.77,+2445,+5734.24,+1881.26
2000-01-01 08:55:00 EST,+20971,+6871.04,+7840.2,+2560.78,+7471.36,+2451.96,+5659.43,+1858.3
2000-01-01 08:56:00 EST,+21587.9,+7072.4,+8020.09,+2617.87,+7909.58,+2595.18,+5658.19,+1859.35
2000-01-01 08:57:00 EST,+23421.6,+7672.89,+7875.81,+2568.76,+9908.78,+3248.87,+5636.98,+1855.26
2000-01-01 08:58:00 EST,+24842.3,+8138.05,+7760.9,+2537.92,+9890.44,+3237.15,+7190.97,+2362.99
2000-01-01 08:59:00 EST,+24791.9,+8121.55,+7760.98,+2537.84,+9880.36,+3233.98,+7150.54,+2349.73
2000-01-01 09:00:00 EST,+22654.9,+7422.25,+4901.13,+1612.29,+9506.74,+3094.22,+8247.07,+2715.73
2000-01-01 09:01:00 EST,+23662.3,+7751.85,+6401.84,+2095.03,+10808.9,+3524.45,+6451.58,+2132.37
2000-01-01 09:02:00 EST,+23546.6,+7713.93,+6219.23,+2035.55,+10875.3,+3545.52,+6452.03,+2132.85
2000-01-01 09:03:00 EST,+23360.3,+7653.81,+6219.61,+2035.89,+10749.1,+3505.82,+6391.59,+2112.1
2000-01-01 09:04:00 EST,+21104,+6912.97,+4181.11,+1370.86,+10528.3,+3425.53,+6394.58,+2116.58
2000-01-01 09:05:00 EST,+25071.4,+8209.33,+6358.39,+2076.07,+12327.1,+4017.12,+6385.98,+2116.13
2000-01-01 09:06:00 EST,+37784.6,+12310.4,+8273.78,+2664.22,+23226.4,+7539.13,+6284.48,+2107.07
2000-01-01 09:07:00 EST,+37860.9,+12335.2,+8273.73,+2664.14,+23302.7,+7563.9,+6284.45,+2107.12
2000-01-01 09:08:00 EST,+37717.5,+12278.7,+6464.94,+2082.83,+24966,+8080.62,+6286.55,+2115.22
2000-01-01 09:09:00 EST,+26371.1,+8612.72,+6366.52,+2053.54,+16250.1,+5305.46,+3754.47,+1253.73
2000-01-01 09:10:00 EST,+30529.2,+9974.02,+9397.05,+3027.56,+16301.4,+5342.24,+4830.73,+1604.22
2000-01-01 09:11:00 EST,+25846,+8443.77,+6751.39,+2187.83,+14386.5,+4688.73,+4708.16,+1567.21
2000-01-01 09:12:00 EST,+27960.9,+9121.25,+6760.56,+2184.92,+16503.6,+5366.65,+4696.79,+1569.68
2000-01-01 09:13:00 EST,+31170.5,+10174.3,+8857.69,+2859.17,+16490.8,+5378.68,+5821.98,+1936.41
2000-01-01 09:14:00 EST,+30523.3,+9963.06,+8435.62,+2723.29,+16265,+5303.02,+5822.75,+1936.76
2000-01-01 09:15:00 EST,+30027.3,+9812.38,+8440.06,+2730.31,+15829.2,+5172.41,+5758.09,+1909.65
2000-01-01 09:16:00 EST,+30530.7,+9975.53,+8708.03,+2815.93,+15992.6,+5226.2,+5830.07,+1933.4
2000-01-01 09:17:00 EST,+30285.3,+9895.74,+8708.47,+2816.43,+15786.8,+5159.65,+5789.99,+1919.66
2000-01-01 09:18:00 EST,+28647.5,+9362.92,+8855.18,+2867.78,+13774.3,+4502.76,+6017.99,+1992.38
2000-01-01 09:19:00 EST,+28535.9,+9327.15,+8648.58,+2802.19,+13787.4,+4505.17,+6099.91,+2019.79
2000-01-01 09:20:00 EST,+28616.4,+9353.56,+8648.45,+2802.41,+13787.2,+4504.83,+6180.72,+2046.32
2000-01-01 09:21:00 EST,+28596.9,+9346.36,+8635.13,+2797.19,+13882.1,+4535.73,+6079.69,+2013.44
2000-01-01 09:22:00 EST,+31289.3,+10223.1,+8632.49,+2792.71,+16579.1,+5413.71,+6077.76,+2016.66
2000-01-01 09:23:00 EST,+31060.7,+10148.5,+8777.56,+2839.24,+16383.7,+5352.59,+5899.36,+1956.66
2000-01-01 09:24:00 EST,+43693.1,+14156.7,+8729.56,+2774.22,+29186.2,+9424.5,+5777.38,+1958.02
2000-01-01 09:25:00 EST,+42057.8,+13644.7,+8589.22,+2736.48,+27533.5,+8901.81,+5935.13,+2006.43
2000-01-01 09:26:00 EST,+1.02792e+006,+288057,+413199,+81119.3,+399833,+135827,+214892,+71111.2
2000-01-01 09:27:00 EST,+1.02792e+006,+288057,+413199,+81119.3,+399833,+135827,+214892,+71111.2
2000-01-01 09:28:00 EST,+1.02792e+006,+288057,+413199,+81119.3,+399833,+135827,+214892,+71111.2
2000-01-01 09:29:00 EST,+1.02792e+006,+288057,+413199,+81119.3,+399833,+135827,+214892,+71111.2
2000-01-01 09:30:00 EST,+1.02792e+006,+288057,+413199,+81119.3,+399833,+135827,+214892,+71111.2
2000-01-01 09:31:00 EST,+1.02792e+006,+288057,+413199,+81119.3,+399833,+135827,+214892,+71111.2
2000-01-01 09:32:00 EST,+1.02792e+006,+288057,+413199,+81119.3,+399833,+135827,+214892,+71111.2
2000-01-01 09:33:00 EST,+1.02792e+006,+288057,+413199,+81119.3,+399833,+135827,+214892,+71111.2
2000-01-01 09:34:00 EST,+1.02792e+006,+288057,+413199,+81119.3,+399833,+135827,+214892,+71111.2
2000-01-01 09:35:00 EST,+1.02792e+006,+288057,+413199,+81119.3,+399833,+135827,+214892,+71111.2
2000-01-01 09:36:00 EST,+1.02792e+006,+288057,+413199,+81119.3,+399833,+135827,+214892,+71111.2
2000-01-01 09:37:00 EST,+1.02792e+006,+288057,+413199,+81119.3,+399833,+135827,+214892,+71111.2
2000-01-01 09:38:00 EST,+1.02792e+006,+288057,+413199,+81119.3,+399833,+135827,+214892,+71111.2
2000-01-01 09:39:00 EST,+1.02792e+006,+288057,+413199,+81119.3,+399833,+135827,+214892,+71111.2
2000-01-01 09:40:00 EST,+1.02792e+006,+288057,+413199,+81119.3,+399833,+135827,+214892,+71111.2
2000-01-01 09:41:00 EST,+1.02792e+006,+288057,+413199,+81119.3,+399833,+135827,+214892,+71111.2
2000-01-01 09:42:00 EST,+1.02792e+006,+288057,+413199,+81119.3,+399833,+135827,+214892,+71111.2
2000-01-01 09:43:00 EST,+1.02792e+006,+288057,+413199,+81119.3,+399833,+135827,+214892,+71111.2
2000-01-01 09:44:00 EST,+1.02792e+006,+288057,+413199,+81119.3,+399833,+135827,+214892,+71111.2
2000-01-01 09:45:00 EST,+1.02792e+006,+288057,+413199,+81119.3,+399833,+135827,+214892,+71111.2
2000-01-01 09:46:00 EST,+1.02792e+006,+288057,+413199,+81119.3,+399833,+135827,+214892,+71111.2
2000-01-01 09:47:00 EST,+1.02792e+006,+288057,+413199,+81119.3,+399833,+135827,+214892,+71111.2
2000-01-01 09:48:00 EST,+1.02792e+006,+288057,+413199,+81119.3,+399833,+135827,+214892,+71111.2
2000-01-01 09:49:00 EST,+1.02792e+006,+288057,+413199,+81119.3,+399833,+135827,+214892,+71111.2
2000-01-01 09:50:00 EST,+1.02792e+006,+288057,+413199,+81119.3,+399833,+135827,+214892,+71111.2
2000-01-01 09:51:00 EST,+1.02792e+006,+288057,+413199,+81119.3,+399833,+135827,+214892,+71111.2
2000-01-01 09:52:00 EST,+1.02792e+006,+288057,+413199,+81119.3,+399833,+135827,+214892,+71111.2
2000-01-01 09:53:00 EST,+1.02792e+006,+288057,+413199,+81119.3,+399833,+135827,+214892,+71111.2
2000-01-01 09:54:00 EST,+1.02792e+006,+288057,+413199,+81119.3,+399833,+135827,+214892,+71111.2
2000-01-01 09:55:00 EST,+1.02792e+006,+288057,+413199,+81119.3,+399833,+135827,+214892,+71111.2
2000-01-01 09:56:00 EST,+1.02792e+006,+288057,+413199,+81119.3,+399833,+135827,+214892,+71111.2
2000-01-01 09:57:00 EST,+1.02792e+006,+288057,+413199,+81119.3,+399833,+135827,+214892,+71111.2
2000-01-01 09:58:00 EST,+1.02792e+006,+288057,+413199,+81119.3,+399833,+135827,+214892,+71111.2
2000-01-01 09:59:00 EST,+1.02792e+006,+288057,+413199,+81119.3,+399833,+135827,+214892,+71111.2
2000-01-01 10:00:00 EST,+1.02792e+006,+288057,+413199,+81119.3,+399833,+135827,+214892,+71111.2
2000-01-01 10:01:00 EST,+1.02792e+006,+288057,+413199,+81119.3,+399833,+135827,+214892,+71111.2
2000-01-01 10:02:00 EST,+1.02792e+006,+288057,+413199,+81119.3,+399833,+135827,+214892,+71111.2
2000-01-01 10:03:00 EST,+1.02792e+006,+288057,+413199,+81119.3,+399833,+135827,+214892,+71111.2
2000-01-01 10:04:00 EST,+1.02792e+006,+288057,+413199,+81119.3,+399833,+135827,+214892,+71111.2
2000-01-01 10:05:00 EST,+1.02792e+006,+288057,+413199,+81119.3,+399833,+135827,+214892,+71111.2
2000-01-01 10:06:00 EST,+1.02792e+006,+288057,+413199,+81119.3,+399833,+135827,+214892,+71111.2
2000-01-01 10:07:00 EST,+1.02792e+006,+288057,+413199,+81119.3,+399833,+135827,+214892,+71111.2
2000-01-01 10:08:00 EST,+1.02792e+006,+288057,+413199,+81119.3,+399833,+135827,+214892,+71111.2
2000-01-01 10:09:00 EST,+1.02792e+006,+288057,+413199,+81119.3,+399833,+135827,+214892,+71111.2
2000-01-01 10:10:00 EST,+1.02792e+006,+288057,+413199,+81119.3,+399833,+135827,+214892,+71111.2
2000-01-01 10:11:00 EST,+1.02792e+006,+288057,+413199,+81119.3,+399833,+135827,+214892,+71111.2
2000-01-01 10:12:00 EST,+1.02792e+006,+288057,+413199,+81119.3,+399833,+135827,+214892,+71111.2
2000-01-01 10:13:00 EST,+22304.2,+7309.78,+6207.31,+2030.45,+10037.9,+3281.02,+6059.05,+1998.31
2000-01-01 10:14:00 EST,+19691.4,+6452.66,+5123.41,+1672.36,+9980.09,+3264.52,+4587.94,+1515.78
2000-01-01 10:15:00 EST,+17295,+5671.62,+5531.69,+1808.94,+7595.92,+2493.41,+4167.38,+1369.27
2000-01-01 10:16:00 EST,+16970.6,+5565.63,+5411.47,+1770.54,+7238.26,+2375.93,+4320.87,+1419.15
2000-01-01 10:17:00 EST,+20001.5,+6555.42,+5406.64,+1777.86,+7314.57,+2394.16,+7280.25,+2383.41
2000-01-01 10:18:00 EST,+21891.8,+7170.42,+7418.23,+2431.54,+7197.98,+2363.8,+7275.63,+2375.08
2000-01-01 10:19:00 EST,+24012.8,+7864.98,+7416.69,+2428.87,+9322.13,+3058.17,+7273.94,+2377.94
2000-01-01 10:20:00 EST,+34575,+11230.8,+7393.42,+2388.36,+19936.2,+6417.74,+7245.38,+2424.67
2000-01-01 10:21:00 EST,+32655.4,+10602.6,+5380.11,+1744.54,+19919.8,+6389.86,+7355.48,+2468.22
2000-01-01 10:22:00 EST,+32592.8,+10582.6,+5380.24,+1744.77,+19857,+6369.84,+7355.63,+2467.97
2000-01-01 10:23:00 EST,+24195,+7922.51,+5670.07,+1872.11,+8570.59,+2800.45,+9954.33,+3249.95
2000-01-01 10:24:00 EST,+24215.3,+7929.24,+5669.91,+1871.82,+8591.43,+2806.84,+9953.95,+3250.58
2000-01-01 10:25:00 EST,+24315.4,+7962.14,+5770.16,+1904.74,+8591.37,+2806.94,+9953.88,+3250.47
2000-01-01 10:26:00 EST,+20115.1,+6591.06,+3438.05,+1133.62,+8767.28,+2860.38,+7909.77,+2597.06
2000-01-01 10:27:00 EST,+20163,+6606.87,+3498.39,+1153.47,+8755.01,+2856.65,+7909.65,+2596.75
2000-01-01 10:28:00 EST,+20267.5,+6640.78,+3384,+1115.9,+8894.71,+2901.4,+7988.81,+2623.47
2000-01-01 10:29:00 EST,+20189.4,+6614.6,+3279.66,+1082.03,+8748.5,+2853.41,+8161.2,+2679.16
2000-01-01 10:30:00 EST,+22184.8,+7271.05,+5498.97,+1809.86,+8747.57,+2856.32,+7938.23,+2604.88
2000-01-01 10:31:00 EST,+21625,+7086.94,+5051.23,+1662.62,+8634.51,+2818.07,+7939.22,+2606.25
2000-01-01 10:32:00 EST,+21082.5,+6909.4,+5051.68,+1663.41,+8090.46,+2641.7,+7940.4,+2604.29
2000-01-01 10:33:00 EST,+19600.1,+6421.48,+3036.79,+1002.08,+8458.94,+2758.78,+8104.35,+2660.62
2000-01-01 10:34:00 EST,+19877.4,+6512.38,+3136.91,+1034.99,+8616.03,+2810.21,+8124.41,+2667.18
2000-01-01 10:35:00 EST,+19746.4,+6469.46,+3123.96,+1030.86,+8497.67,+2771.89,+8124.75,+2666.72
2000-01-01 10:36:00 EST,+19475.9,+6380.88,+3038.68,+1002.46,+8466.72,+2761.31,+7970.51,+2617.11
2000-01-01 10:37:00 EST,+16693.7,+5474.66,+3200.21,+1050.59,+8471.29,+2770.31,+5022.21,+1653.76
2000-01-01 10:38:00 EST,+20284.8,+6646.86,+3037.24,+997.4,+10148.8,+3308.8,+7098.83,+2340.66
2000-01-01 10:39:00 EST,+17989.8,+5896.37,+3040.18,+994.922,+10149.8,+3316.3,+4799.83,+1585.15
2000-01-01 10:40:00 EST,+21260.3,+6945.6,+3036.16,+987.814,+13450.7,+4369.1,+4773.46,+1588.68
2000-01-01 10:41:00 EST,+18936.9,+6192.02,+4770.04,+1547.88,+11281.4,+3686.19,+2885.43,+957.948
2000-01-01 10:42:00 EST,+17131.5,+5600.11,+2921.1,+950.939,+11323.2,+3688,+2887.13,+961.168
2000-01-01 10:43:00 EST,+16583.3,+5432.8,+4547.75,+1485.09,+9019.4,+2949.36,+3016.13,+998.342
2000-01-01 10:44:00 EST,+27527,+8999.56,+4538.72,+1495.93,+10640.6,+3450.19,+12347.7,+4053.45
2000-01-01 10:45:00 EST,+27710.4,+9059.45,+4538.49,+1495.51,+10824.9,+3509.48,+12347.1,+4054.46
2000-01-01 10:46:00 EST,+25652,+8382.28,+2775.5,+915.295,+10524.7,+3407.54,+12351.8,+4059.44
2000-01-01 10:47:00 EST,+18321.2,+5999.51,+2726.62,+896.107,+9074.27,+2950.86,+6520.32,+2152.54
2000-01-01 10:48:00 EST,+18256.6,+5978.75,+2726.74,+895.794,+9118.98,+2965.89,+6410.92,+2117.07
2000-01-01 10:49:00 EST,+18051.2,+5911.91,+2882.06,+946.594,+8940.8,+2908.58,+6228.38,+2056.74
2000-01-01 10:50:00 EST,+18038.1,+5908.05,+3059.61,+1004.53,+8941.03,+2910.31,+6037.44,+1993.22
2000-01-01 10:51:00 EST,+15356.9,+5030.74,+3060.57,+1005.74,+6399.5,+2081.62,+5896.85,+1943.38
2000-01-01 10:52:00 EST,+15603.5,+5111,+2882.89,+947.662,+6577.35,+2138.4,+6143.27,+2024.93
2000-01-01 10:53:00 EST,+15893.2,+5207.29,+3391.92,+1114.37,+6358.52,+2070.47,+6142.8,+2022.45
2000-01-01 10:54:00 EST,+15895.2,+5207.74,+3391.87,+1114.66,+6180.35,+2011.89,+6322.93,+2081.2
2000-01-01 10:55:00 EST,+15773.3,+5167.7,+3183.93,+1046.42,+6250.84,+2034.2,+6338.55,+2087.08
2000-01-01 10:56:00 EST,+20179,+6603.6,+3341.16,+1098.29,+8506.88,+2756.24,+8330.97,+2749.07
2000-01-01 10:57:00 EST,+20242.3,+6624.34,+3341.13,+1098.25,+8570.33,+2776.87,+8330.89,+2749.22
2000-01-01 10:58:00 EST,+20141.5,+6591.28,+3281.01,+1078.54,+8529.28,+2763.41,+8331.16,+2749.33
2000-01-01 10:59:00 EST,+15956.2,+5227.6,+3110.68,+1022.32,+6406.21,+2084.68,+6439.3,+2120.6
2000-01-01 11:00:00 EST,+13160.1,+4314.77,+3101.26,+1023.05,+3613.7,+1180.77,+6445.15,+2110.95
2000-01-01 11:01:00 EST,+12927.2,+4238.56,+2936.35,+968.334,+3724.2,+1216.53,+6266.63,+2053.69
2000-01-01 11:02:00 EST,+13490.5,+4423.34,+2936.1,+967.995,+4227.73,+1380.77,+6326.71,+2074.57
2000-01-01 11:03:00 EST,+13888.3,+4553.88,+3113.51,+1026.58,+4309.13,+1407.52,+6465.68,+2119.78
2000-01-01 11:04:00 EST,+14994.8,+4917.56,+4283.68,+1411.71,+4247.41,+1389.93,+6463.69,+2115.92
2000-01-01 11:05:00 EST,+14816.9,+4859.15,+3960.79,+1305.35,+4425.37,+1447.57,+6430.77,+2106.23
2000-01-01 11:06:00 EST,+14722.5,+4828.38,+3960.91,+1305.15,+4425.5,+1447.8,+6336.07,+2075.43
2000-01-01 11:07:00 EST,+11530.3,+3783.85,+2334.08,+765.429,+6195.62,+2029.16,+3000.61,+989.265
2000-01-01 11:08:00 EST,+24338.2,+7920.17,+2387.44,+776.067,+16784.5,+5416.69,+5166.18,+1727.41
2000-01-01 11:09:00 EST,+24398.2,+7940.31,+2498.57,+812.034,+16733.6,+5401.2,+5166.08,+1727.08
2000-01-01 11:10:00 EST,+24497.1,+7974.14,+2501.33,+813.767,+16650.4,+5372.95,+5345.42,+1787.42
2000-01-01 11:11:00 EST,+12018.2,+3944.02,+2616.66,+858.143,+6250,+2047.13,+3151.57,+1038.75
2000-01-01 11:12:00 EST,+13413.2,+4401.23,+2787.78,+915.256,+6427.4,+2103.56,+4197.99,+1382.42
2000-01-01 11:13:00 EST,+13505.6,+4431.51,+2787.76,+915.215,+6519.96,+2133.77,+4197.92,+1382.52
2000-01-01 11:14:00 EST,+13426.6,+4405.26,+2787.83,+914.254,+6842.7,+2239.66,+3796.05,+1251.34
2000-01-01 11:15:00 EST,+12844.8,+4214.34,+2882.8,+944.597,+6893.99,+2257.51,+3068.04,+1012.23
2000-01-01 11:16:00 EST,+17096.3,+5603.69,+3057.19,+1003.74,+8557.51,+2789.63,+5481.57,+1810.31
2000-01-01 11:17:00 EST,+16594.3,+5439.8,+3188.9,+1046.21,+8497.29,+2772.1,+4908.08,+1621.5
2000-01-01 11:18:00 EST,+17355.5,+5689.61,+3507.86,+1150.85,+8674.59,+2830.62,+5173.06,+1708.13
2000-01-01 11:19:00 EST,+17024.3,+5572.52,+3508.33,+1143.87,+10748.9,+3509.88,+2767.07,+918.768
2000-01-01 11:20:00 EST,+17659.2,+5780.49,+3810.48,+1241.9,+11082,+3620,+2766.77,+918.596
2000-01-01 11:21:00 EST,+19720.5,+6455,+5944.75,+1928.41,+11349.5,+3722.83,+2426.25,+803.758
2000-01-01 11:22:00 EST,+19859,+6500.51,+5944.54,+1928.58,+11385.1,+3734,+2529.39,+837.922
2000-01-01 11:23:00 EST,+19213,+6289.56,+5514.49,+1790.11,+11181.8,+3665.58,+2516.79,+833.862
2000-01-01 11:24:00 EST,+21510.3,+7044.02,+5362.23,+1744.97,+11381.8,+3723.47,+4766.3,+1575.58
2000-01-01 11:25:00 EST,+20999.4,+6877.46,+5702.6,+1855.45,+10712.6,+3507.79,+4584.18,+1514.22
2000-01-01 11:26:00 EST,+21452.5,+7025.96,+5603.63,+1824.57,+10895.4,+3564.7,+4953.49,+1636.69
2000-01-01 11:27:00 EST,+27031.3,+8830.71,+13546.7,+4367.31,+10776.9,+3574.63,+2707.66,+888.778
2000-01-01 11:28:00 EST,+27323.6,+8926.79,+13545.7,+4367.42,+10883.1,+3609.1,+2894.81,+950.27
2000-01-01 11:29:00 EST,+27410.2,+8955.99,+13545.3,+4369.26,+10783.9,+3575.57,+3081.05,+1011.15
2000-01-01 11:30:00 EST,+19297.7,+6319.36,+5605.77,+1822.06,+10657.6,+3492.47,+3034.31,+1004.82
2000-01-01 11:31:00 EST,+19340.8,+6333.85,+5570.86,+1811.41,+10641.1,+3486.46,+3128.81,+1035.98
2000-01-01 11:32:00 EST,+19440.1,+6366.79,+5703.31,+1854.63,+10535.7,+3452.61,+3201.06,+1059.54
2000-01-01 11:33:00 EST,+19271.1,+6312.03,+5523.85,+1797.4,+10424.4,+3414.81,+3322.91,+1099.82
2000-01-01 11:34:00 EST,+19679,+6446.15,+5743.84,+1869.75,+10423.4,+3414.37,+3511.79,+1162.03
2000-01-01 11:35:00 EST,+23821.4,+7790.99,+7383.95,+2393.52,+12770.9,+4181.28,+3666.51,+1216.19
2000-01-01 11:36:00 EST,+23875.4,+7808.81,+7366.66,+2388.17,+12779.9,+4183.83,+3728.87,+1236.81
2000-01-01 11:37:00 EST,+21578.5,+7064.61,+7082.31,+2301.99,+10736.5,+3520.46,+3759.66,+1242.17
2000-01-01 11:38:00 EST,+22745.3,+7437.87,+6179.16,+2005.64,+12968.8,+4237.13,+3597.37,+1195.1
2000-01-01 11:39:00 EST,+22686.8,+7419.57,+6359.38,+2063.9,+12730.1,+4161.22,+3597.38,+1194.45
2000-01-01 11:40:00 EST,+22749.6,+7439.78,+6619.11,+2147.24,+12730,+4163.71,+3400.5,+1128.83
2000-01-01 11:41:00 EST,+20524.7,+6710.53,+4456.36,+1449.7,+12502.9,+4074.7,+3565.45,+1186.13
2000-01-01 11:42:00 EST,+23615.1,+7724.42,+4171.47,+1364.6,+12485.6,+4050.18,+6958.03,+2309.64
2000-01-01 11:43:00 EST,+26291.7,+8585.11,+4145.44,+1351.68,+15373.5,+4971.95,+6772.7,+2261.48
2000-01-01 11:44:00 EST,+28691.5,+9367.79,+4253.32,+1390.21,+15726.9,+5072.88,+8711.29,+2904.69
2000-01-01 11:45:00 EST,+28677.1,+9364.08,+4420.02,+1444.3,+15546.1,+5016.31,+8710.95,+2903.48
2000-01-01 11:46:00 EST,+30815.2,+10051.6,+4478.13,+1459.59,+17774.4,+5727.66,+8562.75,+2864.34
2000-01-01 11:47:00 EST,+30600.2,+9980.41,+4261.58,+1389.19,+17775.4,+5725.96,+8563.27,+2865.27
2000-01-01 11:48:00 EST,+30293.5,+9880.65,+4221.83,+1375.76,+17815.5,+5741.69,+8256.18,+2763.2
2000-01-01 11:49:00 EST,+28125.1,+9183.45,+4223.82,+1379.96,+15456.2,+4987.84,+8445.02,+2815.65
2000-01-01 11:50:00 EST,+28427.4,+9282.25,+4191.28,+1370.34,+15454.5,+4984.24,+8781.66,+2927.66
2000-01-01 11:51:00 EST,+28499.5,+9305.73,+4191.23,+1370.35,+15501.2,+4999.18,+8807.07,+2936.2
2000-01-01 11:52:00 EST,+28503.4,+9306.6,+4100.91,+1340.86,+15562.7,+5018.19,+8839.8,+2947.55
2000-01-01 11:53:00 EST,+28402.6,+9273.44,+4023.8,+1315.51,+15563.4,+5018.56,+8815.39,+2939.37
2000-01-01 11:54:00 EST,+31872.3,+10402,+4203.94,+1380.7,+15650.2,+5029.01,+12018.1,+3992.33
2000-01-01 11:55:00 EST,+31923.6,+10417.9,+4074.48,+1338.65,+15648.3,+5026.3,+12200.8,+4052.92
2000-01-01 11:56:00 EST,+32680.7,+10663.2,+4120.21,+1352.54,+16269.4,+5224.81,+12291.1,+4085.8
2000-01-01 11:57:00 EST,+32253.5,+10524.3,+4002.24,+1313.88,+16141.6,+5184.71,+12109.7,+4025.67
2000-01-01 11:58:00 EST,+32700.9,+10668.3,+3787.48,+1244.86,+15959.9,+5120.18,+12953.4,+4303.3
2000-01-01 11:59:00 EST,+34548.9,+11263.3,+3666.65,+1208.56,+16094.2,+5149.24,+14788,+4905.5
2000-01-01 12:00:00 EST,+34728.1,+11321.2,+3678.51,+1212.31,+16221.8,+5189.12,+14827.7,+4919.77
2000-01-01 12:01:00 EST,+27971.9,+9126.37,+3697.68,+1205.57,+16452.8,+5305.29,+7821.43,+2615.51
2000-01-01 12:02:00 EST,+25096.2,+8183.79,+3357.29,+1090.81,+16327.2,+5278.18,+5411.76,+1814.8
2000-01-01 12:03:00 EST,+22417.4,+7325.62,+3339.59,+1088.91,+13517.8,+4384.06,+5560.02,+1852.65
2000-01-01 12:04:00 EST,+24861.6,+8128.79,+5634.14,+1827.12,+13671.4,+4455.46,+5556.09,+1846.21
2000-01-01 12:05:00 EST,+24990.8,+8165,+4865.41,+1576.44,+14385.5,+4675.58,+5739.93,+1912.98
2000-01-01 12:06:00 EST,+24797.2,+8102.93,+4865.88,+1577.25,+14191,+4613.32,+5740.3,+1912.36
2000-01-01 12:07:00 EST,+25371.6,+8270.69,+2497.62,+815.338,+14674.7,+4708.59,+8199.35,+2746.76
2000-01-01 12:08:00 EST,+25592.3,+8342.39,+2515.63,+821.554,+14695.9,+4713.56,+8380.79,+2807.27
2000-01-01 12:09:00 EST,+27842.4,+9075.7,+2514.58,+822.795,+15042.2,+4816.06,+10285.6,+3436.85
2000-01-01 12:10:00 EST,+26649.6,+8676.96,+2309.24,+752.115,+16216.8,+5199.28,+8123.58,+2725.57
2000-01-01 12:11:00 EST,+22925.7,+7483.57,+2352.89,+768.795,+12794.5,+4121.86,+7778.35,+2592.91
2000-01-01 12:12:00 EST,+20811.5,+6791.09,+2293.78,+747.63,+12801,+4131.64,+5716.74,+1911.82
2000-01-01 12:13:00 EST,+20849.9,+6802.06,+2293.7,+747.246,+12993.1,+4193.16,+5563.15,+1861.65
2000-01-01 12:14:00 EST,+20775.4,+6777.36,+2218.62,+722.945,+12993.5,+4192.55,+5563.26,+1861.86
2000-01-01 12:15:00 EST,+20336.5,+6632.67,+2357.98,+767.474,+13110.6,+4234.96,+4867.93,+1630.24
2000-01-01 12:16:00 EST,+20214.8,+6592.2,+2174.87,+708.372,+13111.3,+4233.07,+4928.63,+1650.76
2000-01-01 12:17:00 EST,+28868.7,+9425.64,+10798.8,+3496.46,+13210.6,+4313.93,+4859.36,+1615.25
2000-01-01 12:18:00 EST,+28144.2,+9191.18,+10739.4,+3478.93,+12645,+4131.51,+4759.85,+1580.74
2000-01-01 12:19:00 EST,+27942.5,+9138.5,+10740.2,+3499.27,+9993.78,+3266.49,+7208.52,+2372.74
2000-01-01 12:20:00 EST,+19328,+6317.76,+2115.54,+693.501,+9999.99,+3231.34,+7212.47,+2392.91
2000-01-01 12:21:00 EST,+19284.5,+6304.41,+2271.68,+744.922,+9800,+3167.33,+7212.77,+2392.16
2000-01-01 12:22:00 EST,+17422.9,+5694.79,+2272.53,+743.025,+10188.1,+3300.5,+4962.31,+1651.26
2000-01-01 12:23:00 EST,+14414.4,+4718.75,+2173.92,+712.867,+7415.56,+2409.33,+4824.94,+1596.55
2000-01-01 12:24:00 EST,+14410.8,+4717.65,+2173.98,+712.735,+7583.25,+2464.72,+4653.62,+1540.19
2000-01-01 12:25:00 EST,+14441.7,+4727.84,+2173.96,+712.816,+7568.46,+2459.82,+4699.25,+1555.2
2000-01-01 12:26:00 EST,+14766.4,+4834.21,+2259.93,+741.021,+7677.95,+2495.37,+4828.48,+1597.82
2000-01-01 12:27:00 EST,+14400.1,+4715.29,+2274.18,+745.606,+7489.63,+2435.75,+4636.31,+1533.93
2000-01-01 12:28:00 EST,+14604.7,+4782.8,+2479.67,+812.833,+7489.1,+2436.64,+4635.97,+1533.32
2000-01-01 12:29:00 EST,+11969.2,+3919.17,+2820.95,+921.058,+6831.68,+2231.22,+2316.6,+766.891
2000-01-01 12:30:00 EST,+12132.4,+3972.8,+2984.37,+974.477,+6831.48,+2231.54,+2316.54,+766.778
2000-01-01 12:31:00 EST,+12281.9,+4022.61,+2984.26,+975.199,+6678.71,+2180.98,+2618.95,+866.434
2000-01-01 12:32:00 EST,+15130.5,+4949.95,+3365.47,+1097.47,+8815.78,+2873.33,+2949.25,+979.148
2000-01-01 12:33:00 EST,+14946.9,+4891.51,+3365.65,+1098.35,+8437.7,+2750.38,+3143.57,+1042.78
2000-01-01 12:34:00 EST,+15008.7,+4911.14,+3222.09,+1051.33,+8642.13,+2816.36,+3144.45,+1043.45
2000-01-01 12:35:00 EST,+10473.5,+3438.1,+3261.58,+1070.21,+3967.47,+1300.88,+3244.46,+1067.01
2000-01-01 12:36:00 EST,+12707.4,+4171.17,+5537,+1816.16,+3966.75,+1302.22,+3203.66,+1052.79
2000-01-01 12:37:00 EST,+12973.2,+4258.23,+5679.05,+1862.32,+4090.76,+1343.15,+3203.41,+1052.75
2000-01-01 12:38:00 EST,+12860.3,+4221.28,+5679.19,+1862.6,+3966.56,+1302.5,+3214.59,+1056.18
2000-01-01 12:39:00 EST,+10854.5,+3563.02,+3523.44,+1155.6,+4116.13,+1350.26,+3214.95,+1057.17
2000-01-01 12:40:00 EST,+9528.16,+3128.4,+3319.93,+1090.68,+2962.65,+972.61,+3245.58,+1065.11
2000-01-01 12:41:00 EST,+9332.54,+3064.2,+3439.08,+1129.52,+2856.04,+938.107,+3037.42,+996.566
2000-01-01 12:42:00 EST,+12175.8,+3992.32,+3526.86,+1164.1,+2675.91,+876.143,+5973.01,+1952.08
2000-01-01 12:43:00 EST,+12096.7,+3966.36,+3447.86,+1138.15,+2675.9,+876.161,+5972.99,+1952.05
2000-01-01 12:44:00 EST,+11911.1,+3904.76,+3255.16,+1075.36,+2467.16,+807.602,+6188.8,+2021.79
2000-01-01 12:45:00 EST,+12458.8,+4083.94,+3415.91,+1128.66,+2621.4,+858.023,+6421.51,+2097.27
2000-01-01 12:46:00 EST,+12595.9,+4129.01,+3415.87,+1128.57,+2758.63,+903.007,+6421.42,+2097.43
2000-01-01 12:47:00 EST,+13168.1,+4317.88,+3415.61,+1127.08,+3641.13,+1191.61,+6111.33,+1999.19
2000-01-01 12:48:00 EST,+15079.9,+4944.49,+5246,+1728.65,+3639.46,+1194.18,+6194.47,+2021.65
2000-01-01 12:49:00 EST,+15108.3,+4953.75,+5245.96,+1728.74,+3639.43,+1194.13,+6222.92,+2030.88
2000-01-01 12:50:00 EST,+14114.2,+4626.38,+5138.68,+1696.16,+2464.59,+808.864,+6510.9,+2121.36
2000-01-01 12:51:00 EST,+12207.1,+4000.53,+3129.6,+1034.92,+2405.57,+786.844,+6671.92,+2178.77
2000-01-01 12:52:00 EST,+14463.5,+4732.63,+3127.59,+1038.25,+2404.1,+784.252,+8931.78,+2910.13
2000-01-01 12:53:00 EST,+14353.5,+4696.89,+3127.7,+1038.21,+2377.02,+775.52,+8848.73,+2883.17
2000-01-01 12:54:00 EST,+13837.3,+4527.97,+2625.06,+871.197,+2557.07,+833.595,+8655.12,+2823.18
2000-01-01 12:55:00 EST,+11654.6,+3819.36,+2798.56,+925.535,+2352.92,+769.36,+6503.13,+2124.46
2000-01-01 12:56:00 EST,+11876.7,+3891.43,+2737.86,+905.779,+2429.44,+793.695,+6709.4,+2191.96
2000-01-01 12:57:00 EST,+11893.1,+3896.43,+2421.46,+801.241,+2651.3,+865.533,+6820.33,+2229.65
2000-01-01 12:58:00 EST,+11841.3,+3879.38,+2408.43,+796.931,+2651.32,+865.532,+6781.57,+2216.92
2000-01-01 12:59:00 EST,+11563.3,+3787.84,+2129.55,+704.685,+2651.55,+865.133,+6782.22,+2218.03
2000-01-01 13:00:00 EST,+11178.8,+3663.27,+2242.22,+741.428,+2651.81,+865.981,+6284.75,+2055.87
2000-01-01 13:01:00 EST,+10226,+3353.45,+2416.51,+797.686,+2652.35,+867.46,+5157.1,+1688.31
2000-01-01 13:02:00 EST,+10513.3,+3447.89,+2692.24,+888.392,+2664.27,+871.624,+5156.8,+1687.88
2000-01-01 13:03:00 EST,+10293.9,+3376.45,+2721.47,+897.62,+2664.45,+871.968,+4908.03,+1606.86
2000-01-01 13:04:00 EST,+8730.23,+2866.22,+2722.74,+894.787,+2994.69,+982.198,+3012.8,+989.238
2000-01-01 13:05:00 EST,+8586.17,+2818.85,+2555.84,+840.413,+2839.92,+930.969,+3190.4,+1047.47
2000-01-01 13:06:00 EST,+8756.94,+2874.87,+2555.73,+840.245,+2997.87,+982.563,+3203.35,+1052.06
2000-01-01 13:07:00 EST,+9169.73,+3010.29,+3075.21,+1010.18,+2997.42,+983.602,+3097.1,+1016.52
2000-01-01 13:08:00 EST,+9199.43,+3019.9,+3283.17,+1078.39,+2819.16,+925.692,+3097.09,+1015.82
2000-01-01 13:09:00 EST,+12526.4,+4105.7,+3279.95,+1083.77,+2816.48,+920.949,+6429.94,+2100.98
2000-01-01 13:10:00 EST,+12727.6,+4172.14,+3369.5,+1112.67,+3034.89,+992.424,+6323.18,+2067.05
2000-01-01 13:11:00 EST,+13910.4,+4554.98,+2980.32,+987.091,+3069.1,+1000.71,+7861.03,+2567.18
2000-01-01 13:12:00 EST,+13921.2,+4559.33,+2946.7,+975.446,+3291.48,+1073.27,+7683.02,+2510.62
2000-01-01 13:13:00 EST,+14072,+4608.62,+2946.51,+975.291,+3381.37,+1102.14,+7744.1,+2531.19
2000-01-01 13:14:00 EST,+13842.5,+4533.12,+2849.21,+943.192,+3248.43,+1058.76,+7744.82,+2531.18
2000-01-01 13:15:00 EST,+13825.3,+4528.21,+2899.3,+959.227,+3382.46,+1102.52,+7543.49,+2466.46
2000-01-01 13:16:00 EST,+13574.3,+4445.78,+2899.57,+959.7,+3130.58,+1020.74,+7544.16,+2465.34
2000-01-01 13:17:00 EST,+13613.2,+4458.4,+2677.73,+885.987,+3391.49,+1105.02,+7543.96,+2467.4
2000-01-01 13:18:00 EST,+13749.3,+4502.98,+2685.65,+888.5,+3492.3,+1137.69,+7571.38,+2476.79
2000-01-01 13:19:00 EST,+13677.3,+4479.34,+2685.65,+888.507,+3420.3,+1113.93,+7571.32,+2476.9
2000-01-01 13:20:00 EST,+21714.8,+7091.73,+2680.19,+878.057,+11713.2,+3775.45,+7321.42,+2438.23
2000-01-01 13:21:00 EST,+22265.7,+7271.42,+2925.35,+957.699,+12020.4,+3875.29,+7320,+2438.43
2000-01-01 13:22:00 EST,+22043,+7196.84,+2390.6,+782.534,+12393.1,+3994.23,+7259.32,+2420.07
2000-01-01 13:23:00 EST,+14076,+4611.32,+2388.58,+789.757,+4407.2,+1435.45,+7280.2,+2386.12
2000-01-01 13:24:00 EST,+13653.9,+4473.57,+2488.2,+822.693,+4077.91,+1329.09,+7087.8,+2321.78
2000-01-01 13:25:00 EST,+13522.8,+4430.41,+2356.61,+779.283,+4078.1,+1328.78,+7088.13,+2322.35
2000-01-01 13:26:00 EST,+12769.4,+4182.47,+2356.98,+780.283,+3138.89,+1022.85,+7273.52,+2379.33
2000-01-01 13:27:00 EST,+12576.1,+4119.6,+2343.08,+775.378,+3139.11,+1023.2,+7093.91,+2321.02
2000-01-01 13:28:00 EST,+12603.1,+4128.43,+2369.82,+784.064,+3139.19,+1023.06,+7094.07,+2321.3
2000-01-01 13:29:00 EST,+9269.45,+3042,+2372.04,+780.341,+3142.41,+1028.7,+3754.99,+1232.96
2000-01-01 13:30:00 EST,+9269.45,+3042,+2372.04,+780.341,+3142.41,+1028.7,+3754.99,+1232.96
2000-01-01 13:31:00 EST,+10425.7,+3414.49,+2371.24,+774.137,+6271.81,+2049.57,+1782.67,+590.79
2000-01-01 13:32:00 EST,+12706.2,+4163.07,+2138.73,+700.765,+6088.88,+1984.28,+4478.64,+1478.03
2000-01-01 13:33:00 EST,+16034.9,+5249.27,+2136.65,+704.3,+6082.53,+1973.43,+7815.68,+2571.54
2000-01-01 13:34:00 EST,+15850.5,+5188.17,+1939.24,+639.538,+5964.45,+1934.03,+7946.82,+2614.6
2000-01-01 13:35:00 EST,+17981.8,+5880.71,+2056.16,+680.876,+5872.93,+1898.22,+10052.7,+3301.61
2000-01-01 13:36:00 EST,+17991.3,+5884.17,+2176.29,+720.72,+5762.24,+1862.94,+10052.8,+3300.51
2000-01-01 13:37:00 EST,+17835.9,+5833.29,+2176.4,+720.922,+5606.22,+1812.69,+10053.3,+3299.68
2000-01-01 13:38:00 EST,+15850.2,+5189.39,+2376.2,+784.185,+5420.89,+1759.93,+8053.13,+2645.28
2000-01-01 13:39:00 EST,+15884.3,+5200.58,+2376.2,+784.171,+5455.04,+1771.08,+8053.1,+2645.33
2000-01-01 13:40:00 EST,+16205.2,+5305.59,+2495.36,+823.561,+5463.54,+1774.01,+8246.3,+2708.01
2000-01-01 13:41:00 EST,+16323.4,+5344.44,+2460.25,+811.774,+5666.34,+1839.94,+8196.85,+2692.73
2000-01-01 13:42:00 EST,+16195.3,+5301.17,+2074.48,+684.928,+5713,+1853.01,+8407.78,+2763.23
2000-01-01 13:43:00 EST,+16195.3,+5301.17,+2074.48,+684.928,+5713,+1853.01,+8407.78,+2763.23
2000-01-01 13:44:00 EST,+16248.3,+5319.08,+2134.68,+704.618,+5813.54,+1886.32,+8300.11,+2728.14
2000-01-01 13:45:00 EST,+13320.4,+4361.34,+2240.97,+742.869,+2771.62,+903.977,+8307.86,+2714.49
2000-01-01 13:46:00 EST,+13471.9,+4411.94,+2295.11,+760.202,+3007.62,+981.075,+8169.19,+2670.66
2000-01-01 13:47:00 EST,+13915.9,+4557.37,+2542,+842.048,+3007.27,+981.263,+8366.59,+2734.06
2000-01-01 13:48:00 EST,+11260,+3692.53,+2557.51,+844.007,+3091.59,+1011.29,+5610.85,+1837.24
2000-01-01 13:49:00 EST,+11451.2,+3755.39,+2708.84,+893.743,+3131.78,+1024.53,+5610.63,+1837.12
2000-01-01 13:50:00 EST,+11767.8,+3859.44,+3026.12,+998.197,+3131.54,+1024.93,+5610.16,+1836.31
2000-01-01 13:51:00 EST,+11540.5,+3784.16,+2576.61,+850.456,+3131.79,+1023.86,+5832.12,+1909.85
2000-01-01 13:52:00 EST,+11464.2,+3759.09,+2576.69,+850.601,+3055.18,+998.966,+5832.31,+1909.53
2000-01-01 13:53:00 EST,+8146.68,+2675.12,+2400.09,+787.833,+3269.3,+1072.67,+2477.29,+814.616
2000-01-01 13:54:00 EST,+8559.46,+2810.53,+2421.09,+795.188,+3268.9,+1072.18,+2869.48,+943.162
2000-01-01 13:55:00 EST,+11029.4,+3616.47,+2524.77,+827.436,+5290.11,+1728.74,+3214.49,+1060.29
2000-01-01 13:56:00 EST,+11421.9,+3746.06,+2800.09,+918.133,+5102.14,+1668.23,+3519.63,+1159.7
2000-01-01 13:57:00 EST,+13619.5,+4464.13,+2976,+979.953,+5098.62,+1663.06,+5544.91,+1821.11
2000-01-01 13:58:00 EST,+13732.6,+4500.8,+2856.21,+940.807,+5098.55,+1662.26,+5777.83,+1897.74
2000-01-01 13:59:00 EST,+14166.9,+4642.82,+2855.83,+940.737,+5318.89,+1733.13,+5992.16,+1968.95
2000-01-01 14:00:00 EST,+12147.9,+3983.91,+2857.76,+937.48,+5322.3,+1739.03,+3967.85,+1307.39
2000-01-01 14:01:00 EST,+15133.9,+4958.3,+2796.97,+922.152,+5317.64,+1731.03,+7019.34,+2305.11
2000-01-01 14:02:00 EST,+14801,+4845.42,+2797.06,+913.81,+8121.41,+2644.3,+3882.53,+1287.31
2000-01-01 14:03:00 EST,+14645.3,+4794.43,+2813.02,+919.213,+7949.69,+2588,+3882.64,+1287.22
2000-01-01 14:04:00 EST,+14733.7,+4823.44,+2812.95,+919.329,+7949.48,+2587.63,+3971.26,+1316.48
2000-01-01 14:05:00 EST,+15046.5,+4925.39,+2944.4,+961.809,+8131.29,+2646.97,+3970.85,+1316.62
2000-01-01 14:06:00 EST,+15132.5,+4953.67,+3033.88,+990.721,+8175.28,+2662.16,+3923.34,+1300.78
2000-01-01 14:07:00 EST,+15247.9,+4991.58,+3033.78,+990.895,+8174.97,+2661.64,+4039.17,+1339.04
2000-01-01 14:08:00 EST,+15294.9,+5007.16,+3056.23,+998.042,+8115.79,+2642.37,+4122.93,+1366.75
2000-01-01 14:09:00 EST,+18490.9,+6052.62,+3259.03,+1070.24,+8107.51,+2629.62,+7124.34,+2352.76
2000-01-01 14:10:00 EST,+18377.1,+6014.78,+3058.21,+1004.32,+8236.88,+2670.44,+7081.99,+2340.02
2000-01-01 14:11:00 EST,+16572.6,+5428.76,+3322.38,+1093.89,+6263.65,+2036.93,+6986.55,+2297.93
2000-01-01 14:12:00 EST,+16336.5,+5351.94,+3440.77,+1131.88,+6264.32,+2039.23,+6631.45,+2180.83
2000-01-01 14:13:00 EST,+16369.2,+5362.81,+3440.74,+1131.95,+6264.18,+2039,+6664.3,+2191.87
2000-01-01 14:14:00 EST,+18049.5,+5914.74,+5127.09,+1684.45,+6261.29,+2043.91,+6661.16,+2186.38
2000-01-01 14:15:00 EST,+17963.1,+5886.65,+5323.11,+1748.54,+6132.62,+2002.92,+6507.42,+2135.19
2000-01-01 14:16:00 EST,+17861.5,+5853.53,+5461.42,+1793.3,+6072.5,+1984.04,+6327.62,+2076.2
2000-01-01 14:17:00 EST,+16149,+5291.7,+3763.24,+1237.41,+6054.97,+1972.67,+6330.78,+2081.63
2000-01-01 14:18:00 EST,+18386.6,+6023.47,+5861.85,+1921.82,+6198.95,+2027.67,+6325.79,+2073.99
2000-01-01 14:19:00 EST,+18332.8,+6005.63,+5743.42,+1882.27,+6422.93,+2100.53,+6166.47,+2022.84
2000-01-01 14:20:00 EST,+20398,+6679.76,+5739.71,+1887.86,+6580.59,+2145.1,+8077.68,+2646.8
2000-01-01 14:21:00 EST,+27806.9,+9029.62,+3447.21,+1123.13,+16010.3,+5103.76,+8349.37,+2802.72
2000-01-01 14:22:00 EST,+25507,+8312.23,+3869.89,+1264.49,+13328.8,+4277.19,+8308.28,+2770.56
2000-01-01 14:23:00 EST,+23215.7,+7559.04,+3456.77,+1124.49,+13542.3,+4358.73,+6216.57,+2075.82
2000-01-01 14:24:00 EST,+13957.4,+4576.6,+3477.44,+1146.66,+4243.35,+1387.07,+6236.65,+2042.87
2000-01-01 14:25:00 EST,+16602.2,+5441.49,+6248.65,+2052.71,+4239.69,+1393.77,+6113.84,+1995.01
2000-01-01 14:26:00 EST,+19309.2,+6319.77,+9132.79,+2990.55,+4068.49,+1345.67,+6107.92,+1983.55
2000-01-01 14:27:00 EST,+19244.9,+6298.55,+9121.01,+2987.37,+4015.7,+1328.05,+6108.21,+1983.13
2000-01-01 14:28:00 EST,+19089.6,+6247.64,+9121.57,+2986.44,+4015.9,+1328.4,+5952.1,+1932.8
2000-01-01 14:29:00 EST,+15646.5,+5117.75,+9040.68,+2939.53,+4028.69,+1337.96,+2577.14,+840.263
2000-01-01 14:30:00 EST,+17628,+5769.58,+8853.05,+2887.43,+4027.22,+1334.5,+4747.78,+1547.66
2000-01-01 14:31:00 EST,+17374.2,+5685.52,+8845.86,+2882.84,+4027.41,+1335.13,+4500.91,+1467.56
2000-01-01 14:32:00 EST,+16993.7,+5560.26,+8880.69,+2892.45,+3954.23,+1311.48,+4158.78,+1356.34
2000-01-01 14:33:00 EST,+14652,+4790.47,+8779.13,+2850.05,+3956.11,+1314.66,+1916.73,+625.752
2000-01-01 14:34:00 EST,+14508.3,+4744.49,+8600.05,+2792.88,+3956.32,+1314.22,+1951.88,+637.382
2000-01-01 14:35:00 EST,+24127.8,+7880.43,+9008.96,+2980.48,+3977.23,+1307.41,+11141.6,+3592.53
2000-01-01 14:36:00 EST,+24352,+7952.69,+8911.09,+2950.12,+3976.94,+1306.61,+11464,+3695.96
2000-01-01 14:37:00 EST,+24340.4,+7948.63,+8777.86,+2907.15,+3981.88,+1307.79,+11580.7,+3733.69
2000-01-01 14:38:00 EST,+15174.9,+4962.5,+8759.89,+2845.81,+4036.28,+1340.67,+2378.71,+776.019
2000-01-01 14:39:00 EST,+14697.6,+4807.37,+8553.58,+2781.03,+3764.88,+1250.17,+2379.11,+776.163
2000-01-01 14:40:00 EST,+16517.3,+5405.52,+8547.81,+2792.4,+3478.56,+1152.64,+4490.88,+1460.48
2000-01-01 14:41:00 EST,+13130.9,+4305.89,+5432.07,+1782.93,+3345.75,+1101.65,+4353.11,+1421.31
2000-01-01 14:42:00 EST,+12867.9,+4219.51,+5432.57,+1783.8,+3081.81,+1015.03,+4353.47,+1420.69
2000-01-01 14:43:00 EST,+13109.1,+4290.06,+7759.06,+2527.75,+3081.21,+1022.14,+2268.82,+740.173
2000-01-01 14:44:00 EST,+15279.2,+5003.41,+7584.63,+2478.99,+3188.42,+1055.13,+4506.13,+1469.29
2000-01-01 14:45:00 EST,+14827.4,+4856.24,+7253.11,+2372.89,+2966.64,+981.149,+4607.66,+1502.21
2000-01-01 14:46:00 EST,+12713.2,+4169.42,+4822.47,+1582.72,+3097.4,+1019.43,+4793.31,+1567.27
2000-01-01 14:47:00 EST,+10516.8,+3449.55,+4824.97,+1578.52,+3098.83,+1021.97,+2593.04,+849.057
2000-01-01 14:48:00 EST,+12613.5,+4135.81,+4820.69,+1570.88,+5261.93,+1732.32,+2530.88,+832.611
2000-01-01 14:49:00 EST,+12582.3,+4125.18,+4820.58,+1570.15,+5389.42,+1774.26,+2372.3,+780.774
2000-01-01 14:50:00 EST,+12855.8,+4214.59,+4820.25,+1569.58,+5663.36,+1863.97,+2372.14,+781.045
2000-01-01 14:51:00 EST,+13377,+4379.7,+7068.24,+2302.03,+3808.47,+1261,+2500.29,+816.67
2000-01-01 14:52:00 EST,+13775,+4509.94,+7318.28,+2383.98,+3774.03,+1249.88,+2682.72,+876.076
2000-01-01 14:53:00 EST,+14290.3,+4679.07,+7474.67,+2434.84,+4133.05,+1368.04,+2682.59,+876.195
2000-01-01 14:54:00 EST,+16505.5,+5406.5,+7348.74,+2404.38,+4191.29,+1383.61,+4965.49,+1618.5
2000-01-01 14:55:00 EST,+16122.9,+5281.25,+7163.02,+2343.67,+4099.06,+1352.84,+4860.8,+1584.74
2000-01-01 14:56:00 EST,+18090.2,+5919,+9265.19,+3023.83,+4096.54,+1357.53,+4728.48,+1537.65
2000-01-01 14:57:00 EST,+17820.8,+5830.64,+9148.18,+2984.95,+3944.22,+1307.76,+4728.39,+1537.93
2000-01-01 14:58:00 EST,+17739.6,+5803.89,+9148.6,+2984.51,+3944.33,+1307.83,+4646.65,+1511.56
2000-01-01 14:59:00 EST,+17854.3,+5841.67,+9148.55,+2984.12,+4081.72,+1353.07,+4624.04,+1504.48
2000-01-01 15:00:00 EST,+17886,+5851.67,+9313.96,+3038.62,+3934.9,+1304.85,+4637.19,+1508.2
2000-01-01 15:01:00 EST,+25513.3,+8344.07,+9511,+3123.97,+5953.62,+1960.2,+10048.6,+3259.9
2000-01-01 15:02:00 EST,+23094.5,+7556.74,+7187.47,+2368.41,+5849.94,+1915.3,+10057.1,+3273.03
2000-01-01 15:03:00 EST,+23199.5,+7591.11,+7292.93,+2403.03,+5849.77,+1915.58,+10056.8,+3272.5
2000-01-01 15:04:00 EST,+21132.1,+6910.82,+7298.85,+2413.31,+3717.13,+1220.34,+10116.1,+3277.18
2000-01-01 15:05:00 EST,+24059.8,+7871.83,+7290.71,+2400.52,+6468.72,+2115.65,+10300.4,+3355.66
2000-01-01 15:06:00 EST,+24084.4,+7879.81,+7290.64,+2400.72,+6458.49,+2112.21,+10335.3,+3366.88
2000-01-01 15:07:00 EST,+24113.8,+7889.4,+7351.56,+2420.82,+6427,+2102.19,+10335.2,+3366.4
2000-01-01 15:08:00 EST,+23895.9,+7818.12,+7571.6,+2493.43,+6142.75,+2010.6,+10181.6,+3314.08
2000-01-01 15:09:00 EST,+24199.7,+7917.08,+7703.27,+2536.93,+6142.26,+2010.69,+10354.2,+3369.46
2000-01-01 15:10:00 EST,+22092.2,+7233.35,+7586.69,+2488.23,+6274.35,+2059.02,+8231.12,+2686.1
2000-01-01 15:11:00 EST,+19815.4,+6490.84,+7592.13,+2479.81,+6150.27,+2024.18,+6072.97,+1986.86
2000-01-01 15:12:00 EST,+19729.6,+6462.4,+7796.83,+2547,+5859.73,+1929.96,+6073.01,+1985.44
2000-01-01 15:13:00 EST,+19539,+6399.95,+7797.41,+2547.93,+5678.39,+1870.45,+6063.25,+1981.57
2000-01-01 15:14:00 EST,+16290.9,+5334.32,+7708.34,+2505.23,+5498.04,+1817.94,+3084.47,+1011.15
2000-01-01 15:15:00 EST,+16334.6,+5349.14,+7525.45,+2446.84,+5484.55,+1812.6,+3324.61,+1089.71
2000-01-01 15:16:00 EST,+16297.7,+5336.43,+7586.83,+2464.88,+5681.69,+1878.27,+3029.17,+993.278
2000-01-01 15:17:00 EST,+18863.1,+6174.57,+7581.74,+2457.01,+8202.85,+2704.19,+3078.49,+1013.37
2000-01-01 15:18:00 EST,+19661.5,+6434.73,+7810.92,+2528.5,+8763.8,+2889.5,+3086.81,+1016.74
2000-01-01 15:19:00 EST,+19891.9,+6510.42,+8150.08,+2639.78,+8544.55,+2818.46,+3197.24,+1052.19
2000-01-01 15:20:00 EST,+22466.5,+7342.33,+10227.6,+3296.28,+8722.84,+2890.67,+3516.07,+1155.37
2000-01-01 15:21:00 EST,+22551.4,+7370.5,+10212.1,+3292.03,+8722.79,+2890.15,+3616.47,+1188.33
2000-01-01 15:22:00 EST,+22311.2,+7292.67,+10274.4,+3315.72,+8226.2,+2726.06,+3810.63,+1250.89
2000-01-01 15:23:00 EST,+18340.4,+6001.84,+6080.27,+1973.35,+8391.05,+2750.69,+3869.04,+1277.8
2000-01-01 15:24:00 EST,+18475.6,+6046.08,+6158.33,+1998.59,+8477.28,+2779.25,+3839.97,+1268.24
2000-01-01 15:25:00 EST,+13130.4,+4304.58,+3571,+1169.63,+5712.32,+1867.06,+3847.11,+1267.89
2000-01-01 15:26:00 EST,+13636.5,+4469.79,+3368.9,+1104.03,+6061.22,+1978.81,+4206.39,+1386.95
2000-01-01 15:27:00 EST,+13709.3,+4493.63,+3369.09,+1103.26,+6430.82,+2100.54,+3909.37,+1289.83
2000-01-01 15:28:00 EST,+13405,+4393.98,+3352.32,+1097.55,+6337.85,+2070.75,+3714.88,+1225.68
2000-01-01 15:29:00 EST,+13686.5,+4485.65,+3209.83,+1051.38,+6448.38,+2104.89,+4028.3,+1329.38
2000-01-01 15:30:00 EST,+13617.9,+4462.95,+2992.67,+980.519,+6480.97,+2114.53,+4144.28,+1367.9
2000-01-01 15:31:00 EST,+16868.5,+5524.64,+3525.47,+1160.46,+6296.77,+2046.88,+7046.24,+2317.29
2000-01-01 15:32:00 EST,+16826.3,+5511,+3505.49,+1153.73,+6348.63,+2064.23,+6972.22,+2293.05
2000-01-01 15:33:00 EST,+17147.8,+5615.82,+3464.92,+1140.32,+6587.63,+2141.06,+7095.25,+2334.44
2000-01-01 15:34:00 EST,+17718.8,+5799.99,+3464.26,+1138.42,+7376.89,+2394.36,+6877.68,+2267.21
2000-01-01 15:35:00 EST,+19880.6,+6510.43,+5488.86,+1796.01,+7368.92,+2406.78,+7022.78,+2307.64
2000-01-01 15:36:00 EST,+20161.2,+6602.03,+5590.44,+1827.61,+7643.86,+2497.18,+6926.87,+2277.25
2000-01-01 15:37:00 EST,+18632.4,+6104.03,+5294.93,+1732.17,+6869.51,+2247.47,+6467.96,+2124.39
2000-01-01 15:38:00 EST,+16602.3,+5437.84,+3451.67,+1134.05,+6678.36,+2172.94,+6472.23,+2130.86
2000-01-01 15:39:00 EST,+21753.4,+7124.54,+6490.99,+2123.59,+8784.99,+2868.64,+6477.45,+2132.31
2000-01-01 15:40:00 EST,+21203.9,+6944.56,+6143.35,+2010.85,+8582.12,+2800.61,+6478.47,+2133.1
2000-01-01 15:41:00 EST,+21357,+6994.77,+6124.66,+2005.31,+8610.97,+2809.63,+6621.34,+2179.83
2000-01-01 15:42:00 EST,+19170,+6280.19,+6281.92,+2061.41,+6263.17,+2045.44,+6624.93,+2173.34
2000-01-01 15:43:00 EST,+22148.6,+7246.8,+6317.31,+2066.14,+9116.53,+2965.24,+6714.74,+2215.43
2000-01-01 15:44:00 EST,+24329.6,+7956.75,+6328.61,+2077.87,+9048.76,+2934.25,+8952.24,+2944.64
2000-01-01 15:45:00 EST,+26045.4,+8515.27,+6254.94,+2060.27,+9040.4,+2920.51,+10750.1,+3534.5
2000-01-01 15:46:00 EST,+26208,+8569.26,+6463.06,+2127.88,+9150.97,+2957.87,+10594,+3483.51
2000-01-01 15:47:00 EST,+23458.5,+7676.03,+6280,+2059.79,+8933.15,+2896.54,+8245.33,+2719.71
2000-01-01 15:48:00 EST,+21364.8,+6991.83,+6283.92,+2054.34,+8765.06,+2854.33,+6315.82,+2083.16
2000-01-01 15:49:00 EST,+21280.1,+6964.03,+6284.09,+2054.05,+8765.44,+2854.96,+6230.54,+2055.03
2000-01-01 15:50:00 EST,+21422.6,+7010.21,+6283.8,+2052.87,+9075.57,+2955.81,+6063.2,+2001.53
2000-01-01 15:51:00 EST,+18692.4,+6113.72,+6574.85,+2137.68,+9067.91,+2965.91,+3049.69,+1010.13
2000-01-01 15:52:00 EST,+18879.3,+6174.82,+6762.38,+2198.23,+9067.4,+2966.74,+3049.54,+1009.85
2000-01-01 15:53:00 EST,+18735.6,+6129.39,+6930.36,+2253.77,+8766.51,+2869.84,+3038.78,+1005.78
2000-01-01 15:54:00 EST,+18548.5,+6068.2,+6991.57,+2272.86,+8713.85,+2854.24,+2843.12,+941.103
2000-01-01 15:55:00 EST,+18695.5,+6116.29,+7036.11,+2287.57,+8796.24,+2880.81,+2863.18,+947.916
2000-01-01 15:56:00 EST,+20928.9,+6849.56,+6775.21,+2210.8,+8921.8,+2911.49,+5231.94,+1727.28
2000-01-01 15:57:00 EST,+20937.1,+6851.52,+6775.15,+2209.61,+9126.99,+2978.81,+5035,+1663.1
2000-01-01 15:58:00 EST,+21540.5,+7049.15,+6989.42,+2279.21,+9333.84,+3047.09,+5217.22,+1722.85
2000-01-01 15:59:00 EST,+17942.2,+5860.62,+3866.3,+1257.47,+10772.8,+3502.6,+3303.07,+1100.56
2000-01-01 16:00:00 EST,+18195.7,+5942.86,+3752.84,+1221.3,+11012.2,+3578.14,+3430.61,+1143.42
2000-01-01 16:01:00 EST,+17681.1,+5776.53,+3799.61,+1236.83,+10334,+3358.26,+3547.5,+1181.44
2000-01-01 16:02:00 EST,+17818.7,+5821.43,+3907.26,+1271.36,+10459.5,+3400.39,+3451.88,+1149.68
2000-01-01 16:03:00 EST,+17178.5,+5621.82,+3933.72,+1282.51,+9658.44,+3148.53,+3586.34,+1190.79
2000-01-01 16:04:00 EST,+17924.7,+5867.07,+4129.75,+1347.48,+9750.04,+3177.38,+4044.87,+1342.21
2000-01-01 16:05:00 EST,+18417.5,+6026.08,+4103.96,+1338.33,+10289.4,+3351,+4024.11,+1336.74
2000-01-01 16:06:00 EST,+16570.8,+5426.69,+4129.64,+1349.13,+8306.25,+2708.02,+4134.93,+1369.53
2000-01-01 16:07:00 EST,+16457.4,+5389.93,+4276.44,+1397.21,+8098.35,+2640.99,+4082.63,+1351.74
2000-01-01 16:08:00 EST,+19301.9,+6316.62,+6169.84,+2010.91,+9453.94,+3085.8,+3678.14,+1219.92
2000-01-01 16:09:00 EST,+19405.1,+6350.91,+6290.92,+2050.4,+9435.99,+3080.96,+3678.15,+1219.55
2000-01-01 16:10:00 EST,+22736.3,+7440.98,+9576.84,+3108.88,+9484.51,+3118,+3674.97,+1214.09
2000-01-01 16:11:00 EST,+20902.2,+6843.76,+8710.82,+2829.98,+8454.61,+2781.95,+3736.8,+1231.83
2000-01-01 16:12:00 EST,+23779.7,+7787.56,+8960.65,+2920.75,+8733.25,+2865.28,+6085.8,+2001.53
2000-01-01 16:13:00 EST,+24166.6,+7914.52,+9041.98,+2948.24,+8765.9,+2875.93,+6358.74,+2090.34
2000-01-01 16:14:00 EST,+26195.8,+8568.47,+8961.8,+2912.31,+10931.6,+3574.65,+6302.43,+2081.51
2000-01-01 16:15:00 EST,+24153.3,+7897.73,+8616.24,+2792.81,+10939.3,+3582.99,+4597.77,+1521.93
2000-01-01 16:16:00 EST,+24464.7,+7999.92,+8656.04,+2805.92,+11014.7,+3607.37,+4793.97,+1586.64
2000-01-01 16:17:00 EST,+25133.4,+8217.25,+8716.4,+2824.39,+11467.6,+3753.8,+4949.33,+1639.06
2000-01-01 16:18:00 EST,+24875.8,+8130.53,+8675.87,+2809.28,+11528.7,+3773.44,+4671.26,+1547.82
2000-01-01 16:19:00 EST,+29540.5,+9643.98,+11169,+3589.17,+13741.7,+4521.49,+4629.9,+1533.31
2000-01-01 16:20:00 EST,+28969.5,+9474.05,+11236.5,+3639.78,+11233.3,+3697.34,+6499.67,+2136.93
2000-01-01 16:21:00 EST,+31298.4,+10227.1,+11265,+3637.83,+13151,+4317.74,+6882.34,+2271.54
2000-01-01 16:22:00 EST,+26742.9,+8750.35,+8956.08,+2918.62,+10211.1,+3335.6,+7575.67,+2496.13
2000-01-01 16:23:00 EST,+25220.2,+8250.84,+9359.43,+3038.42,+10199.6,+3344.23,+5661.2,+1868.18
2000-01-01 16:24:00 EST,+25177.9,+8239.58,+9512.22,+3089.19,+10290.7,+3377.03,+5375.06,+1773.35
2000-01-01 16:25:00 EST,+28316.5,+9265.46,+9485.15,+3086.18,+11050.6,+3614.8,+7780.84,+2564.48
2000-01-01 16:26:00 EST,+28165,+9214.93,+9314.86,+3029.26,+11217.3,+3668.62,+7632.8,+2517.05
2000-01-01 16:27:00 EST,+28115.1,+9199.47,+9085.3,+2956.72,+11185.4,+3655.95,+7844.48,+2586.8
2000-01-01 16:28:00 EST,+27074.2,+8863.19,+9249.6,+3014.24,+10075,+3299.38,+7749.59,+2549.57
2000-01-01 16:29:00 EST,+24261.4,+7945.31,+7317.64,+2388.81,+8995.84,+2943.87,+7947.9,+2612.64
2000-01-01 16:30:00 EST,+26774.8,+8763.99,+7412.48,+2414.9,+11362.1,+3710.09,+8000.18,+2639
2000-01-01 16:31:00 EST,+27194.1,+8900.45,+7550.62,+2458.53,+11612.9,+3792.2,+8030.62,+2649.72
2000-01-01 16:32:00 EST,+37068.4,+12109.9,+7821.87,+2568.4,+13658.1,+4419.58,+15588.5,+5121.92
2000-01-01 16:33:00 EST,+35381.7,+11561.3,+8032.7,+2643.19,+11587.1,+3757.65,+15761.8,+5160.45
2000-01-01 16:34:00 EST,+35339.2,+11548.1,+8217.15,+2704.08,+11402.7,+3700.05,+15719.3,+5144.01
2000-01-01 16:35:00 EST,+26223.6,+8586.96,+8376.61,+2734.68,+9284.39,+3041.57,+8562.59,+2810.71
2000-01-01 16:36:00 EST,+31486.2,+10302.4,+11300.3,+3691.49,+9691.94,+3184.95,+10493.9,+3425.98
2000-01-01 16:37:00 EST,+31521.3,+10313.5,+11458.8,+3741.88,+9610.09,+3160.43,+10452.5,+3411.16
2000-01-01 16:38:00 EST,+42728,+13931.5,+11151.9,+3700.36,+11555,+3741.94,+20021,+6489.16
2000-01-01 16:39:00 EST,+40683.7,+13274.9,+10938.1,+3614.37,+11659.3,+3783.93,+18086.3,+5876.57
2000-01-01 16:40:00 EST,+43307.9,+14122.5,+11093,+3674.17,+12022.3,+3893.69,+20192.6,+6554.66
2000-01-01 16:41:00 EST,+30941.4,+10124,+11411.3,+3723.31,+9346.25,+3076.08,+10183.8,+3324.56
2000-01-01 16:42:00 EST,+30842.5,+10091.6,+11380.8,+3715.97,+9089.41,+2991.85,+10372.3,+3383.79
2000-01-01 16:43:00 EST,+33058.5,+10800.5,+13873.4,+4515.3,+9057.06,+2995.48,+10128,+3289.69
2000-01-01 16:44:00 EST,+31885.8,+10415.3,+13752.1,+4486.38,+7878.73,+2605.56,+10255,+3323.35
2000-01-01 16:45:00 EST,+29880.9,+9759.8,+13758.7,+4473.28,+8064.79,+2672.3,+8057.35,+2614.22
2000-01-01 16:46:00 EST,+29011.7,+9490.26,+12967,+4230.61,+8125.76,+2683.48,+7918.97,+2576.17
2000-01-01 16:47:00 EST,+28995.7,+9484.34,+13062.5,+4259.33,+8194.13,+2706.87,+7739.08,+2518.15
2000-01-01 16:48:00 EST,+31298.4,+10235.9,+13054.8,+4241.03,+10442.8,+3444.91,+7800.86,+2549.94
2000-01-01 16:49:00 EST,+29106.2,+9521.7,+11027.9,+3585.82,+10285.8,+3384.94,+7792.52,+2550.95
2000-01-01 16:50:00 EST,+29314.6,+9589.74,+10646.8,+3461.28,+10768.9,+3538.6,+7898.86,+2589.87
2000-01-01 16:51:00 EST,+27263,+8917.59,+10806.9,+3560.86,+6140.63,+2019.97,+10315.5,+3336.76
2000-01-01 16:52:00 EST,+27587.7,+9023.18,+11003.8,+3625.73,+6120.37,+2013.76,+10463.5,+3383.7
2000-01-01 16:53:00 EST,+29684.1,+9705.05,+11020.3,+3641.09,+6236.5,+2047.99,+12427.3,+4015.96
2000-01-01 16:54:00 EST,+30035.8,+9820.09,+11536.7,+3808.42,+6217.21,+2043.77,+12281.9,+3967.89
2000-01-01 16:55:00 EST,+30173.1,+9864.37,+11626.2,+3838.83,+6149.16,+2021.69,+12397.8,+4003.85
2000-01-01 16:56:00 EST,+24370.7,+7977.19,+8382.24,+2767.92,+5957.11,+1951.28,+10031.3,+3257.98
2000-01-01 16:57:00 EST,+24292,+7951.94,+8358.6,+2758.8,+6053.56,+1983.14,+9879.84,+3210.01
2000-01-01 16:58:00 EST,+24271.9,+7944.92,+8519.6,+2812.84,+5810.04,+1903.91,+9942.31,+3228.16
2000-01-01 16:59:00 EST,+21722.6,+7117.37,+8230.61,+2705.02,+5875.59,+1930.58,+7616.35,+2481.77
2000-01-01 17:00:00 EST,+24741.7,+8096.86,+11417.3,+3737.44,+5924.99,+1959.68,+7399.35,+2399.74
2000-01-01 17:01:00 EST,+25863.4,+8464.17,+11682.5,+3818.19,+6812.83,+2252.88,+7368.05,+2393.11
2000-01-01 17:02:00 EST,+25852,+8460.49,+11661.7,+3812.01,+6781.36,+2242.31,+7408.85,+2406.17
2000-01-01 17:03:00 EST,+28100.4,+9197.7,+11607.6,+3797.03,+8264.36,+2726.05,+8228.47,+2674.62
2000-01-01 17:04:00 EST,+29850,+9767.8,+13434.4,+4393.63,+8116.59,+2681.46,+8299.07,+2692.71
2000-01-01 17:05:00 EST,+34225.5,+11197.7,+13655.1,+4472.17,+9723.28,+3200.35,+10847.1,+3525.21
2000-01-01 17:06:00 EST,+37585.8,+12289.4,+17887.1,+5852.68,+8719.82,+2883.16,+10978.9,+3553.52
2000-01-01 17:07:00 EST,+34433,+11259.6,+16814.9,+5476.65,+8738.38,+2898.33,+8879.76,+2884.6
2000-01-01 17:08:00 EST,+32090.6,+10491.5,+16585.1,+5419.31,+6561.77,+2178.83,+8943.73,+2893.32
2000-01-01 17:09:00 EST,+27714.4,+9067.12,+12456.8,+4076.38,+6505.65,+2151.65,+8751.99,+2839.1
2000-01-01 17:10:00 EST,+29497.7,+9652.12,+12565.5,+4108.21,+8182.22,+2702.47,+8749.99,+2841.44
2000-01-01 17:11:00 EST,+25562.7,+8363.87,+12284.4,+3991.82,+8209.16,+2719.67,+5069.19,+1652.38
2000-01-01 17:12:00 EST,+30438,+9956.07,+12250.7,+3962.42,+12556.4,+4144.72,+5630.85,+1848.92
2000-01-01 17:13:00 EST,+29887.5,+9771.84,+13353.5,+4317.84,+10876.9,+3601.6,+5657.11,+1852.41
2000-01-01 17:14:00 EST,+29175.8,+9537.83,+13355.9,+4315.68,+10746.5,+3560.82,+5073.47,+1661.34
2000-01-01 17:15:00 EST,+27099.7,+8859.82,+13271.2,+4296.05,+8702.46,+2889.84,+5126.03,+1673.93
2000-01-01 17:16:00 EST,+25591,+8371.91,+11927.5,+3867.71,+8434.17,+2794.31,+5229.29,+1709.9
2000-01-01 17:17:00 EST,+26107.9,+8540.7,+12133.8,+3934.9,+8545.55,+2831.3,+5428.59,+1774.51
2000-01-01 17:18:00 EST,+26555.2,+8685.53,+12603.9,+4086.98,+8416.57,+2790.75,+5534.76,+1807.81
2000-01-01 17:19:00 EST,+26523.6,+8675.45,+12700.1,+4120.21,+8198.64,+2718.88,+5624.95,+1836.35
2000-01-01 17:20:00 EST,+23461.4,+7683.81,+9627.78,+3134.54,+8202.91,+2702.67,+5630.75,+1846.6
2000-01-01 17:21:00 EST,+23803.2,+7795.92,+9719.66,+3164.92,+8354.73,+2752.16,+5728.83,+1878.83
2000-01-01 17:22:00 EST,+24628.8,+8065.79,+10078.3,+3280.77,+8709.96,+2868.76,+5840.61,+1916.25
2000-01-01 17:23:00 EST,+27134.8,+8875.86,+12584.1,+4084.43,+8702.72,+2879.76,+5847.97,+1911.66
2000-01-01 17:24:00 EST,+27380.5,+8956.88,+12520.9,+4064.74,+8890.28,+2940.43,+5969.3,+1951.71
2000-01-01 17:25:00 EST,+27201.3,+8898.54,+12348.4,+4008.34,+8964.43,+2964.2,+5888.53,+1926
2000-01-01 17:26:00 EST,+22311.1,+7309.35,+7692.39,+2511.47,+8903.6,+2916.07,+5715.11,+1881.8
2000-01-01 17:27:00 EST,+23040.5,+7548.28,+7549.73,+2466.88,+9158.19,+2996.23,+6332.55,+2085.17
2000-01-01 17:28:00 EST,+28326.9,+9273.5,+10373.2,+3391.74,+9270.98,+3043.19,+8682.74,+2838.56
2000-01-01 17:29:00 EST,+28333.6,+9275.8,+10183.1,+3329.83,+9468.79,+3106.22,+8681.77,+2839.75
2000-01-01 17:30:00 EST,+30532.1,+9996.04,+10638.3,+3473.53,+11425.9,+3747.3,+8467.88,+2775.2
2000-01-01 17:31:00 EST,+26306.4,+8616.01,+9230.15,+3010.18,+11387.4,+3727.54,+5688.83,+1878.28
2000-01-01 17:32:00 EST,+25798.9,+8450.44,+8872.01,+2895.19,+11237.1,+3675.94,+5689.74,+1879.31
2000-01-01 17:33:00 EST,+21522,+7056.04,+7702.65,+2519.67,+8068.93,+2645.89,+5750.41,+1890.49
2000-01-01 17:34:00 EST,+23451.5,+7686.54,+8708.05,+2844.08,+8996.04,+2953.58,+5747.43,+1888.88
2000-01-01 17:35:00 EST,+23567.2,+7723.83,+8611.11,+2810.95,+9317.26,+3058.14,+5638.8,+1854.74
2000-01-01 17:36:00 EST,+23964,+7853.32,+8714.49,+2844.14,+9493.19,+3115.4,+5756.32,+1893.78
2000-01-01 17:37:00 EST,+22326.3,+7319.6,+8373.8,+2741.14,+7594.14,+2492.29,+6358.39,+2086.16
2000-01-01 17:38:00 EST,+22312.9,+7315.1,+8299.59,+2716.62,+7655,+2512.1,+6358.31,+2086.38
2000-01-01 17:39:00 EST,+22535.8,+7387.91,+8381.21,+2743.52,+7674.88,+2518.71,+6479.69,+2125.69
2000-01-01 17:40:00 EST,+22133.4,+7255.9,+8677.76,+2838.88,+7447.85,+2446.78,+6007.75,+1970.24
2000-01-01 17:41:00 EST,+21274.4,+6975.23,+8278.95,+2712.27,+6798.16,+2232.92,+6197.25,+2030.04
2000-01-01 17:42:00 EST,+22538.2,+7388.54,+8572.73,+2810.05,+6884.18,+2261.08,+7081.26,+2317.41
2000-01-01 17:43:00 EST,+22991.4,+7536.81,+8653.22,+2835.21,+7208.13,+2366.97,+7130.1,+2334.63
2000-01-01 17:44:00 EST,+22977.3,+7531.71,+8947.42,+2930.48,+7001.78,+2301.35,+7028.06,+2299.87
2000-01-01 17:45:00 EST,+21411.2,+7020.14,+8177.3,+2677.85,+7086.3,+2326.71,+6147.59,+2015.59
2000-01-01 17:46:00 EST,+28866.3,+9448.44,+7855.23,+2591.2,+9227.02,+2999.32,+11784.1,+3857.92
2000-01-01 17:47:00 EST,+29467,+9643.18,+7503,+2472.74,+10163.5,+3298.13,+11800.5,+3872.32
2000-01-01 17:48:00 EST,+29988.1,+9811.97,+7444.41,+2454.72,+10316.1,+3344.64,+12227.6,+4012.62
2000-01-01 17:49:00 EST,+27488.2,+9000.98,+7635.79,+2504.29,+10772,+3510.24,+9080.41,+2986.45
2000-01-01 17:50:00 EST,+27938.5,+9148.85,+8261.38,+2706.83,+10822.2,+3531.22,+8854.85,+2910.8
2000-01-01 17:51:00 EST,+28622.9,+9372.17,+8294.99,+2717.9,+11212.5,+3656.94,+9115.41,+2997.33
2000-01-01 17:52:00 EST,+28301.8,+9267.11,+8095.5,+2653.61,+11048.8,+3602.56,+9157.54,+3010.95
2000-01-01 17:53:00 EST,+28147,+9217.08,+8217.46,+2693.69,+10857.3,+3541.86,+9072.23,+2981.53
2000-01-01 17:54:00 EST,+28205.5,+9236.88,+8574.59,+2812.12,+10430.8,+3405.01,+9200.15,+3019.75
2000-01-01 17:55:00 EST,+29004.2,+9497.84,+8683.02,+2848.61,+10690.8,+3488.14,+9630.35,+3161.09
2000-01-01 17:56:00 EST,+28619.7,+9372.07,+8444.51,+2772.23,+10466.5,+3413.7,+9708.63,+3186.14
2000-01-01 17:57:00 EST,+30472,+9975.8,+10719,+3510.88,+10196.9,+3339.94,+9556.12,+3124.98
2000-01-01 17:58:00 EST,+30595.4,+10016.1,+10758.1,+3525.29,+10128,+3316.45,+9709.35,+3174.33
2000-01-01 17:59:00 EST,+30813.5,+10087.3,+10844.6,+3554.83,+10065.3,+3295.99,+9903.61,+3236.49
2000-01-01 18:00:00 EST,+31083.3,+10175.9,+11395.4,+3731.09,+9908.49,+3250.59,+9779.47,+3194.27
2000-01-01 18:01:00 EST,+38827.8,+12697.2,+11527.5,+3784.02,+12864.8,+4190.08,+14435.5,+4723.11
2000-01-01 18:02:00 EST,+43887.9,+14343.3,+13878.7,+4573.23,+12976.9,+4223.57,+17032.4,+5546.54
2000-01-01 18:03:00 EST,+45913.6,+14999.7,+15699.8,+5163.95,+13057.9,+4264.18,+17155.9,+5571.55
2000-01-01 18:04:00 EST,+42821.8,+13993.8,+16789.2,+5523.12,+10916.8,+3582.02,+15115.8,+4888.65
2000-01-01 18:05:00 EST,+40403.6,+13206.2,+14635.8,+4822.22,+10685.3,+3495.91,+15082.5,+4888.06
2000-01-01 18:06:00 EST,+36053.2,+11799.2,+13108.3,+4302.89,+10938.4,+3580.26,+12006.5,+3916.07
2000-01-01 18:07:00 EST,+35188,+11515.4,+12275.8,+4029.08,+11007.8,+3602.99,+11904.4,+3883.33
2000-01-01 18:08:00 EST,+37654,+12315.5,+12224.9,+3992.73,+13930.1,+4544.73,+11499.1,+3778.01
2000-01-01 18:09:00 EST,+39873.9,+13039.5,+14486,+4723.07,+14036.8,+4593.64,+11351.1,+3722.79
2000-01-01 18:10:00 EST,+40189.3,+13141.9,+14463,+4715.35,+14211,+4649.78,+11515.3,+3776.81
2000-01-01 18:11:00 EST,+40324.9,+13179.2,+14633.6,+4744.45,+16201.2,+5303.28,+9490.14,+3131.51
2000-01-01 18:12:00 EST,+37450.2,+12240.5,+12356,+4008.05,+16181.6,+5283.31,+8912.56,+2949.16
2000-01-01 18:13:00 EST,+37650.3,+12305.5,+12419.5,+4027.8,+16341,+5334.97,+8889.86,+2942.72
2000-01-01 18:14:00 EST,+40898.4,+13362.6,+15818.2,+5117.82,+16357.4,+5366.47,+8722.75,+2878.31
2000-01-01 18:15:00 EST,+42289.5,+13813,+17320,+5592.69,+16332.7,+5377.38,+8636.88,+2842.9
2000-01-01 18:16:00 EST,+40397.6,+13198.3,+15926.8,+5152.33,+16107.2,+5285.35,+8363.61,+2760.65
2000-01-01 18:17:00 EST,+42660.5,+13939.4,+15936.8,+5171.12,+16332.3,+5345.72,+10391.4,+3422.52
2000-01-01 18:18:00 EST,+42268.6,+13792,+15366.9,+4946.61,+18932.3,+6202.88,+7969.43,+2642.54
2000-01-01 18:19:00 EST,+44691.7,+14589,+15655.2,+5056.21,+18651.4,+6100.48,+10385.1,+3432.34
2000-01-01 18:20:00 EST,+42562.1,+13886.5,+15193.9,+4887.65,+19165.3,+6277.7,+8202.86,+2721.18
2000-01-01 18:21:00 EST,+39461.3,+12889.1,+14758.3,+4763.63,+16460.8,+5403.73,+8242.13,+2721.69
2000-01-01 18:22:00 EST,+37199.5,+12143.8,+14820.6,+4767.94,+16480,+5423.46,+5898.9,+1952.35
2000-01-01 18:23:00 EST,+37378.5,+12202.8,+14639.5,+4711.5,+16694.1,+5489.43,+6044.87,+2001.86
2000-01-01 18:24:00 EST,+40160.6,+13106.6,+17156.8,+5507.9,+16407.4,+5423.76,+6596.43,+2174.94
2000-01-01 18:25:00 EST,+40462.5,+13204.5,+17335.9,+5563.98,+16413.9,+5427.94,+6712.65,+2212.59
2000-01-01 18:26:00 EST,+40408.1,+13186.1,+17132.4,+5497.01,+16601.6,+5487.66,+6674.13,+2201.44
2000-01-01 18:27:00 EST,+41650.9,+13597.5,+16445.3,+5297.91,+16770.6,+5518.8,+8434.97,+2780.77
2000-01-01 18:28:00 EST,+37813.1,+12358,+16232.6,+5246.66,+13735.8,+4537.59,+7844.67,+2573.76
2000-01-01 18:29:00 EST,+43480.8,+14197.3,+19501.3,+6304.96,+13994.7,+4639.65,+9984.73,+3252.66
2000-01-01 18:30:00 EST,+42348.2,+13835.9,+17947.9,+5813.6,+14124.7,+4667.47,+10275.6,+3354.79
2000-01-01 18:31:00 EST,+42151.1,+13772,+17955.9,+5818.45,+13964.1,+4614.24,+10231.1,+3339.27
2000-01-01 18:32:00 EST,+40369.5,+13188.5,+18457.4,+5993.48,+11740.5,+3891.05,+10171.6,+3304
2000-01-01 18:33:00 EST,+40365.9,+13187,+18533,+6019.35,+11594.7,+3843.63,+10238.2,+3323.99
2000-01-01 18:34:00 EST,+37382,+12221.7,+15468.4,+5032.59,+11681,+3855.77,+10232.6,+3333.32
2000-01-01 18:35:00 EST,+38036.3,+12434.7,+15529.8,+5047.86,+12438.5,+4104.44,+10068,+3282.44
2000-01-01 18:36:00 EST,+38532.9,+12597.9,+15425.2,+5017.27,+12681.4,+4180.57,+10426.3,+3400.11
2000-01-01 18:37:00 EST,+38182.1,+12484.1,+15091.1,+4907.32,+12847.6,+4233.44,+10243.4,+3343.3
2000-01-01 18:38:00 EST,+37452.4,+12246.1,+15216.8,+4954.62,+11805.4,+3893.23,+10430.2,+3398.23
2000-01-01 18:39:00 EST,+37227.4,+12172.8,+15113,+4924.5,+11471,+3782.43,+10643.5,+3465.83
2000-01-01 18:40:00 EST,+39850.5,+13028.5,+15674.9,+5119.7,+11437.3,+3766.19,+12738.3,+4142.64
2000-01-01 18:41:00 EST,+42926.2,+14027.8,+15886.3,+5214.86,+11397.7,+3741.49,+15642.2,+5071.42
2000-01-01 18:42:00 EST,+42357.6,+13843,+15442.1,+5070.33,+11302.2,+3708.33,+15613.3,+5064.36
2000-01-01 18:43:00 EST,+40823.5,+13342.8,+15442.5,+5068.65,+10956.9,+3598.75,+14424.1,+4675.45
2000-01-01 18:44:00 EST,+42889.6,+14010.1,+17553,+5753.41,+10778.4,+3553.75,+14558.3,+4702.93
2000-01-01 18:45:00 EST,+39054.2,+12769.5,+15703.6,+5131.51,+11052.4,+3640.56,+12298.2,+3997.4
2000-01-01 18:46:00 EST,+40057,+13096.1,+14448.1,+4698.89,+14122.3,+4632.68,+11486.6,+3764.5
2000-01-01 18:47:00 EST,+38350.8,+12541.2,+14441.1,+4705.3,+12625.5,+4147.97,+11284.2,+3687.91
2000-01-01 18:48:00 EST,+40354,+13184.3,+14160.5,+4598.35,+14845.9,+4862.25,+11347.5,+3723.72
2000-01-01 18:49:00 EST,+36125.5,+11811.2,+12651.2,+4125.06,+12077.2,+3954.08,+11397.1,+3732.08
2000-01-01 18:50:00 EST,+35658.3,+11659,+12503.9,+4076.94,+12058.4,+3947.21,+11096,+3634.89
2000-01-01 18:51:00 EST,+35112.5,+11480.6,+12455.9,+4062.84,+11561.7,+3785.42,+11094.9,+3632.36
2000-01-01 18:52:00 EST,+34188.1,+11180,+11432.7,+3734.58,+11669.3,+3810.19,+11086.1,+3635.17
2000-01-01 18:53:00 EST,+34601.5,+11314.7,+11524.5,+3765.17,+11797,+3850.99,+11280,+3698.53
2000-01-01 18:54:00 EST,+36471.2,+11919.9,+11395.5,+3715.46,+14137.8,+4607.28,+10937.9,+3597.16
2000-01-01 18:55:00 EST,+36733.7,+12006.1,+11636.9,+3795.33,+13995.8,+4562.1,+11101,+3648.68
2000-01-01 18:56:00 EST,+36917.4,+12066.3,+12090.4,+3940.19,+13997,+4566.61,+10830,+3559.48
2000-01-01 18:57:00 EST,+35423,+11581.4,+12178.4,+3981.53,+11966.3,+3900.4,+11278.3,+3699.43
2000-01-01 18:58:00 EST,+36302.3,+11867.7,+13364,+4362.19,+12030.4,+3930.44,+10907.9,+3575.09
2000-01-01 18:59:00 EST,+38665.5,+12640.7,+15359.6,+5015.56,+12134.2,+3966.78,+11171.7,+3658.37
2000-01-01 19:00:00 EST,+36494,+11930.3,+15407.7,+5011.3,+12049.6,+3955.34,+9036.61,+2963.61
2000-01-01 19:01:00 EST,+34753.9,+11362.2,+13513.3,+4391.51,+12370.5,+4055.79,+8870,+2914.94
2000-01-01 19:02:00 EST,+34916.9,+11414.5,+13300.4,+4321.66,+12789.7,+4188.32,+8826.78,+2904.55
2000-01-01 19:03:00 EST,+36785.8,+12018.5,+12925.8,+4189.35,+15099.8,+4932.56,+8760.24,+2896.6
2000-01-01 19:04:00 EST,+31537,+10321.5,+10419.3,+3401.91,+12352,+4027.29,+8765.69,+2892.29
2000-01-01 19:05:00 EST,+31579.8,+10335.5,+10453.5,+3412.32,+12462.7,+4063.34,+8663.61,+2859.8
2000-01-01 19:06:00 EST,+29401.8,+9628.15,+10295.9,+3368.77,+10447.2,+3412.1,+8658.7,+2847.28
2000-01-01 19:07:00 EST,+29324.2,+9603.55,+10430.8,+3412.51,+10337.9,+3378.74,+8555.56,+2812.3
2000-01-01 19:08:00 EST,+30773.1,+10077,+12266.7,+4010.6,+9967.15,+3265.63,+8539.3,+2800.74
2000-01-01 19:09:00 EST,+33229.6,+10875.1,+12177.7,+3972.27,+12364.5,+4039.81,+8687.35,+2863
2000-01-01 19:10:00 EST,+33349.8,+10914,+12027.2,+3923.6,+12444.9,+4064.46,+8877.72,+2925.89
2000-01-01 19:11:00 EST,+31776.1,+10399.3,+10296.8,+3361.5,+12578.1,+4099.76,+8901.16,+2938.03
2000-01-01 19:12:00 EST,+34084.7,+11144.4,+10265.2,+3343.5,+14833,+4821.58,+8986.5,+2979.33
2000-01-01 19:13:00 EST,+33733.9,+11041.5,+12502.9,+4082.65,+12435,+4059.43,+8796,+2899.42
2000-01-01 19:14:00 EST,+32933.3,+10780.2,+12179.5,+3977.15,+12287.3,+4011.21,+8466.42,+2791.83
2000-01-01 19:15:00 EST,+31619.3,+10355.8,+12598.5,+4118.51,+10668,+3493.04,+8352.76,+2744.28
2000-01-01 19:16:00 EST,+32863.3,+10755.9,+14251.2,+4640.48,+10452.1,+3447.55,+8160.06,+2667.89
2000-01-01 19:17:00 EST,+35930.7,+11759.8,+16195.7,+5279.54,+10935.2,+3602.79,+8799.81,+2877.49
2000-01-01 19:18:00 EST,+37940,+12408.3,+18120.7,+5892.4,+11025.2,+3647.46,+8794.1,+2868.47
2000-01-01 19:19:00 EST,+33595.2,+10999,+13893.6,+4533.3,+11208.7,+3678.2,+8492.91,+2787.48
2000-01-01 19:20:00 EST,+34333.7,+11236.8,+13284.2,+4328.08,+12117.4,+3979.08,+8932.12,+2929.64
2000-01-01 19:21:00 EST,+37192,+12165.4,+15563.1,+5066.7,+12558.2,+4128.78,+9070.6,+2969.96
2000-01-01 19:22:00 EST,+36333.2,+11886.9,+15039.9,+4899.66,+12256.1,+4028.77,+9037.16,+2958.45
2000-01-01 19:23:00 EST,+33707.4,+11033.1,+13677.1,+4467.07,+10854.2,+3563.13,+9176.12,+3002.86
2000-01-01 19:24:00 EST,+33576,+10987.7,+12458.7,+4079.91,+10483.9,+3435.47,+10633.4,+3472.27
2000-01-01 19:25:00 EST,+31619,+10346.5,+12850.9,+4219.13,+8081.05,+2657.04,+10687,+3470.3
2000-01-01 19:26:00 EST,+26742.9,+8756.41,+7795.22,+2570.01,+8135.62,+2657.08,+10812.1,+3529.32
2000-01-01 19:27:00 EST,+28495.4,+9326.57,+11380.2,+3722.03,+8295.3,+2733.15,+8819.91,+2871.38
2000-01-01 19:28:00 EST,+29435.9,+9633.52,+11164.2,+3661.65,+8165.81,+2685.68,+10105.9,+3286.19
2000-01-01 19:29:00 EST,+29985.5,+9811.54,+11713.5,+3841.03,+8061.32,+2653.96,+10210.6,+3316.55
2000-01-01 19:30:00 EST,+35029.3,+11453,+13855.4,+4520.78,+10502.3,+3461.2,+10671.6,+3471.06
2000-01-01 19:31:00 EST,+35216.1,+11513.8,+13470.4,+4413.77,+9898.55,+3254.23,+11847.1,+3845.76
2000-01-01 19:32:00 EST,+37160,+12146.2,+15219.9,+4980.11,+10118.9,+3332.27,+11821.2,+3833.8
2000-01-01 19:33:00 EST,+34600.4,+11308.3,+14822.5,+4869.67,+7792.92,+2571.7,+11984.9,+3866.97
2000-01-01 19:34:00 EST,+33017,+10793.3,+14900.7,+4876.67,+7825.3,+2588.88,+10291,+3327.74
2000-01-01 19:35:00 EST,+31041.5,+10153.9,+12674.7,+4151.42,+8170.61,+2694.98,+10196.1,+3307.48
2000-01-01 19:36:00 EST,+33904.8,+11088.7,+12781.2,+4166.6,+10979.2,+3611.13,+10144.5,+3310.99
2000-01-01 19:37:00 EST,+33400.2,+10923.1,+12792.9,+4173.11,+10364.5,+3409.78,+10242.8,+3340.23
2000-01-01 19:38:00 EST,+33518.9,+10961.3,+12866.3,+4194.96,+10453.1,+3439.93,+10199.5,+3326.45
2000-01-01 19:39:00 EST,+33159.8,+10845,+12676.2,+4135.82,+10267.9,+3377.98,+10215.7,+3331.24
2000-01-01 19:40:00 EST,+33472,+10946.9,+12562.4,+4101.89,+10262.2,+3373.9,+10647.4,+3471.14
2000-01-01 19:41:00 EST,+31418.4,+10275.7,+12815.4,+4164.23,+10268.5,+3387.92,+8334.55,+2723.5
2000-01-01 19:42:00 EST,+31442.1,+10283.1,+12895.5,+4190.2,+10232.5,+3376.59,+8314.14,+2716.3
2000-01-01 19:43:00 EST,+30983.1,+10133.8,+12934.8,+4203.1,+9974.4,+3293.14,+8073.93,+2637.54
2000-01-01 19:44:00 EST,+30091.1,+9842.56,+12768.9,+4149.46,+9589.49,+3167.07,+7732.76,+2526.03
2000-01-01 19:45:00 EST,+29675,+9706.76,+12604.8,+4094.84,+9652.75,+3187.86,+7417.49,+2424.06
2000-01-01 19:46:00 EST,+30865.6,+10093.3,+12608,+4081.83,+11348.8,+3745.26,+6908.81,+2266.16
2000-01-01 19:47:00 EST,+27881.1,+9126.78,+9838.94,+3197.8,+11252.4,+3692.86,+6789.81,+2236.12
2000-01-01 19:48:00 EST,+27365.5,+8958.91,+9823.81,+3193.81,+10802,+3547.33,+6739.76,+2217.78
2000-01-01 19:49:00 EST,+25564.3,+8372.6,+9608.68,+3131.85,+9110.8,+2995.25,+6844.81,+2245.5
2000-01-01 19:50:00 EST,+25781.7,+8443.81,+9799.84,+3193.99,+9157.43,+3010.92,+6824.43,+2238.91
2000-01-01 19:51:00 EST,+31064.5,+10167.7,+9895.08,+3237.15,+11025.4,+3606.21,+10144,+3324.38
2000-01-01 19:52:00 EST,+30723.7,+10056.7,+9957.61,+3256.79,+10868.1,+3556.84,+9897.98,+3243.05
2000-01-01 19:53:00 EST,+32687.4,+10692.6,+9908.9,+3256.19,+10714,+3495.94,+12064.5,+3940.46
2000-01-01 19:54:00 EST,+30823.5,+10083,+10010.4,+3296.05,+8713.16,+2847.94,+12099.9,+3939.03
2000-01-01 19:55:00 EST,+30829.3,+10084.8,+10024.3,+3300.85,+8672.39,+2834.9,+12132.6,+3949.01
2000-01-01 19:56:00 EST,+28107.5,+9193.45,+9904.79,+3274.71,+6155.2,+2016.64,+12047.5,+3902.1
2000-01-01 19:57:00 EST,+25540.3,+8355.03,+7511.17,+2490.66,+5930.44,+1934.3,+12098.7,+3930.07
2000-01-01 19:58:00 EST,+24752.3,+8102.54,+7624.3,+2520.48,+6406.82,+2093.34,+10721.2,+3488.71
2000-01-01 19:59:00 EST,+24935.4,+8161.5,+7750.1,+2563.46,+6236.48,+2037.95,+10948.8,+3560.09
2000-01-01 20:00:00 EST,+28190.6,+9224.77,+10841.6,+3575.83,+6337.95,+2079.45,+11011.1,+3569.49
2000-01-01 20:01:00 EST,+31425.4,+10278.8,+13480,+4435.07,+6833.05,+2249.76,+11112.3,+3593.92
2000-01-01 20:02:00 EST,+31618.8,+10340.2,+13840.1,+4554.66,+6451.56,+2124.9,+11327.1,+3660.65
2000-01-01 20:03:00 EST,+32533.4,+10637.5,+14048.8,+4629.4,+6385.51,+2101.3,+12099.1,+3906.81
2000-01-01 20:04:00 EST,+33118.1,+10828.3,+14366.5,+4731.93,+6637.82,+2184.94,+12113.8,+3911.41
2000-01-01 20:05:00 EST,+36007.6,+11764.4,+16930.1,+5562.01,+6932.5,+2289.85,+12145,+3912.56
2000-01-01 20:06:00 EST,+36166.3,+11815.9,+16903.9,+5555,+6962.14,+2299.12,+12300.2,+3961.77
2000-01-01 20:07:00 EST,+38734.2,+12643.7,+19237.9,+6307.82,+7229.47,+2397.53,+12266.8,+3938.38
2000-01-01 20:08:00 EST,+38284.1,+12497.7,+18584.2,+6093.7,+7373.92,+2446.59,+12326,+3957.4
2000-01-01 20:09:00 EST,+36954.2,+12066.4,+18751.4,+6112.8,+8062.69,+2683.39,+10140.1,+3270.22
2000-01-01 20:10:00 EST,+34417.1,+11251.8,+16242.2,+5306.22,+8130.22,+2693.49,+10044.7,+3252.14
2000-01-01 20:11:00 EST,+29622.1,+9696.6,+12557.8,+4083.37,+10353.7,+3411.52,+6710.55,+2201.7
2000-01-01 20:12:00 EST,+29445.5,+9639.04,+12651.9,+4115.95,+10047.4,+3311.34,+6746.24,+2211.75
2000-01-01 20:13:00 EST,+28868.8,+9451.26,+12562.8,+4089.33,+9570.61,+3155.91,+6735.4,+2206.02
2000-01-01 20:14:00 EST,+27129.9,+8883.1,+12611.5,+4114.72,+7766.48,+2565.84,+6751.96,+2202.54
2000-01-01 20:15:00 EST,+26882.9,+8802.5,+12452,+4058.96,+8096.44,+2674.28,+6334.45,+2069.26
2000-01-01 20:16:00 EST,+28955.7,+9471.23,+14337.8,+4660.11,+8379.12,+2777.15,+6238.77,+2033.97
2000-01-01 20:17:00 EST,+29239.2,+9563.63,+14355.1,+4662.95,+8694.71,+2882,+6189.29,+2018.68
2000-01-01 20:18:00 EST,+29308.1,+9585.6,+14566.6,+4732.59,+8508.48,+2821.48,+6232.98,+2031.53
2000-01-01 20:19:00 EST,+29950.8,+9803.21,+12750.4,+4141.24,+10993.1,+3625.61,+6207.29,+2036.37
2000-01-01 20:20:00 EST,+26789.7,+8775.15,+9635.92,+3139.64,+10914.7,+3581.27,+6239.02,+2054.24
2000-01-01 20:21:00 EST,+27538.6,+9021.22,+9562.48,+3129.18,+10106.8,+3310.22,+7869.32,+2581.82
2000-01-01 20:22:00 EST,+28065.3,+9192.95,+9416.07,+3079.7,+10780.9,+3528.76,+7868.29,+2584.49
2000-01-01 20:23:00 EST,+30030.8,+9834.71,+9125.25,+2993.53,+10929.9,+3566.67,+9975.71,+3274.5
2000-01-01 20:24:00 EST,+28000.5,+9172.33,+9027.61,+2950.16,+11045,+3614.24,+7927.93,+2607.93
2000-01-01 20:25:00 EST,+27684.2,+9069.09,+8698.09,+2843.13,+11052.5,+3615.94,+7933.62,+2610.01
2000-01-01 20:26:00 EST,+24224.9,+7936.41,+8374.69,+2729.16,+10364.1,+3400.55,+5486.18,+1806.7
2000-01-01 20:27:00 EST,+26283.1,+8609.05,+10461.1,+3406.9,+10165.9,+3344.14,+5656.12,+1858
2000-01-01 20:28:00 EST,+26391.8,+8643.63,+10682.4,+3476,+10345,+3405.1,+5364.33,+1762.52
2000-01-01 20:29:00 EST,+26659.4,+8730.47,+11252.3,+3659.94,+10062.3,+3316.36,+5344.85,+1754.16
2000-01-01 20:30:00 EST,+23726.2,+7771.95,+8596.1,+2796.83,+10367.9,+3406.1,+4762.17,+1569.02
2000-01-01 20:31:00 EST,+24016.7,+7867.55,+9275.68,+3019.27,+9958.62,+3274.8,+4782.43,+1573.48
2000-01-01 20:32:00 EST,+23918.4,+7835.73,+9316.72,+3032.48,+9897.19,+3255.28,+4704.52,+1547.98
2000-01-01 20:33:00 EST,+23511,+7703.07,+8922.93,+2906.39,+9838.25,+3233.35,+4749.79,+1563.33
2000-01-01 20:34:00 EST,+23826.1,+7805.64,+9198.36,+2994.66,+9946.2,+3270.05,+4681.58,+1540.93
2000-01-01 20:35:00 EST,+21190.8,+6945.46,+8746.22,+2853.05,+7760.26,+2555.06,+4684.29,+1537.35
2000-01-01 20:36:00 EST,+22045.6,+7224.4,+8829.03,+2877.47,+8493.16,+2794.78,+4723.44,+1552.16
2000-01-01 20:37:00 EST,+22824.9,+7479.87,+9102.6,+2968.53,+8461.35,+2784.19,+5260.92,+1727.15
2000-01-01 20:38:00 EST,+29181.1,+9536.81,+10362.9,+3357.55,+13506.9,+4419.25,+5311.36,+1760.01
2000-01-01 20:39:00 EST,+28695.6,+9377.8,+10211.8,+3307.67,+13399.9,+4385.31,+5083.97,+1684.81
2000-01-01 20:40:00 EST,+28474.9,+9307.6,+10320.4,+3344.38,+13009.6,+4259.62,+5144.89,+1703.59
2000-01-01 20:41:00 EST,+25602.7,+8382.99,+9011.37,+2933.92,+10665,+3496.14,+5926.34,+1952.94
2000-01-01 20:42:00 EST,+28214.4,+9237.78,+8891.02,+2907.77,+10754.8,+3512.68,+8568.62,+2817.34
2000-01-01 20:43:00 EST,+27581.1,+9031.19,+8873.11,+2902.93,+10265.6,+3353.49,+8442.37,+2774.77
2000-01-01 20:44:00 EST,+27882.8,+9130.06,+9152.57,+2993.73,+10243.8,+3348.59,+8486.4,+2787.74
2000-01-01 20:45:00 EST,+27846.2,+9117.76,+8914.18,+2917.24,+10251.5,+3348.2,+8680.57,+2852.32
2000-01-01 20:46:00 EST,+27993.6,+9165.26,+8599.95,+2815.59,+10450.7,+3409.92,+8942.95,+2939.74
2000-01-01 20:47:00 EST,+28395.8,+9295.93,+8771.59,+2870.96,+10620.8,+3465.23,+9003.39,+2959.74
2000-01-01 20:48:00 EST,+28328.6,+9274.02,+8669.45,+2837.86,+10645.4,+3472.63,+9013.74,+2963.53
2000-01-01 20:49:00 EST,+28885.7,+9456.41,+8969.36,+2934.9,+10803,+3525.53,+9113.34,+2995.98
2000-01-01 20:50:00 EST,+28407,+9299.74,+8560.63,+2801.43,+10888.4,+3551.04,+8958.05,+2947.27
2000-01-01 20:51:00 EST,+29944.4,+9798.29,+10521.6,+3431.1,+10945.4,+3584.26,+8477.45,+2782.93
2000-01-01 20:52:00 EST,+34441.8,+11262.3,+10507.2,+3455.12,+10933.8,+3556.42,+13000.8,+4250.74
2000-01-01 20:53:00 EST,+34566.1,+11303.8,+10845.2,+3566.14,+10782,+3508.9,+12939,+4228.75
2000-01-01 20:54:00 EST,+32447.6,+10613.2,+8656.06,+2852.94,+10963.7,+3553.47,+12827.9,+4206.75
2000-01-01 20:55:00 EST,+27562.3,+9023.6,+8363.37,+2735.57,+10884.1,+3549.61,+8314.77,+2738.42
2000-01-01 20:56:00 EST,+27773.9,+9092.32,+8393.6,+2745.25,+11018.1,+3592.63,+8362.18,+2754.44
2000-01-01 20:57:00 EST,+29913.8,+9793,+10377.2,+3389.45,+11045.5,+3614.34,+8491.2,+2789.2
2000-01-01 20:58:00 EST,+26988.5,+8832.36,+13092.2,+4263.54,+7885.58,+2609.12,+6010.7,+1959.71
2000-01-01 20:59:00 EST,+27101.9,+8869.31,+13052.6,+4246.82,+8269.03,+2736.18,+5780.29,+1886.31
2000-01-01 21:00:00 EST,+26255.7,+8595.44,+12200.9,+3975.07,+8090.63,+2673.46,+5964.22,+1946.91
2000-01-01 21:01:00 EST,+22816.1,+7479.54,+8993.85,+2941.66,+7912.16,+2600,+5910.07,+1937.88
2000-01-01 21:02:00 EST,+22788.1,+7470.26,+8634.17,+2824.17,+8114.54,+2665.28,+6039.41,+1980.81
2000-01-01 21:03:00 EST,+27554.8,+9024.96,+8840.57,+2896.29,+10083.7,+3294.29,+8630.55,+2834.38
2000-01-01 21:04:00 EST,+27365.9,+8962.64,+8348.49,+2736.71,+10146.3,+3311,+8871.16,+2914.94
2000-01-01 21:05:00 EST,+28119.8,+9208.54,+8528.32,+2795.88,+10417.8,+3398.39,+9173.66,+3014.27
2000-01-01 21:06:00 EST,+26346.3,+8631.51,+8531.39,+2802.61,+8646.6,+2826.89,+9168.33,+3002
2000-01-01 21:07:00 EST,+26461.7,+8669.24,+8685.8,+2853.09,+8607.93,+2815.04,+9167.98,+3001.11
2000-01-01 21:08:00 EST,+26112.9,+8555.43,+8676.45,+2849.86,+8428.75,+2757.81,+9007.69,+2947.76
2000-01-01 21:09:00 EST,+25924.4,+8493.8,+8574.34,+2817.59,+8248.51,+2698.46,+9101.49,+2977.75
2000-01-01 21:10:00 EST,+25938.8,+8498.65,+8557.54,+2811.64,+8279.71,+2708.43,+9101.6,+2978.58
2000-01-01 21:11:00 EST,+26353.4,+8634.59,+8629.17,+2832.44,+8811.3,+2882.86,+8912.89,+2919.29
2000-01-01 21:12:00 EST,+27711.4,+9078.4,+9741.93,+3194.6,+8969.97,+2940.2,+8999.53,+2943.6
2000-01-01 21:13:00 EST,+26986.8,+8841.53,+9811.27,+3216.07,+8592.53,+2819.17,+8583,+2806.3
2000-01-01 21:14:00 EST,+27155.3,+8896.64,+10108.3,+3311.13,+8683.33,+2850.56,+8363.68,+2734.95
2000-01-01 21:15:00 EST,+27495.9,+9008.32,+10054.3,+3293.05,+9017.4,+2958.55,+8424.19,+2756.72
2000-01-01 21:16:00 EST,+28054.3,+9190.88,+9739.9,+3192.27,+9461.62,+3100.02,+8852.8,+2898.58
2000-01-01 21:17:00 EST,+28861,+9453.85,+10167.6,+3329.18,+9971.05,+3269.46,+8722.34,+2855.21
2000-01-01 21:18:00 EST,+29071.4,+9522.72,+10415.5,+3409.34,+10001.7,+3280.49,+8654.14,+2832.89
2000-01-01 21:19:00 EST,+33544.3,+10981.8,+10173.1,+3335.6,+12264.3,+4005.3,+11107,+3640.92
2000-01-01 21:20:00 EST,+32481,+10635.3,+10187.1,+3342.41,+11165.4,+3649.81,+11128.5,+3643.12
2000-01-01 21:21:00 EST,+31454.2,+10300.7,+10072.7,+3300.87,+11218.7,+3669.72,+10162.8,+3330.11
2000-01-01 21:22:00 EST,+29658.5,+9711.68,+10087,+3292.72,+11455.4,+3750.18,+8116.14,+2668.78
2000-01-01 21:23:00 EST,+27775.1,+9088.74,+9586.46,+3108.87,+13118.8,+4300.89,+5069.84,+1678.98
2000-01-01 21:24:00 EST,+28205.1,+9228.15,+9730.31,+3153.37,+13622,+4466.78,+4852.82,+1608
2000-01-01 21:25:00 EST,+27291.7,+8937.01,+9387.37,+3048.71,+13143.9,+4317.01,+4760.49,+1571.29
2000-01-01 21:26:00 EST,+25784,+8447.28,+9828.86,+3199.11,+11172,+3675.8,+4783.14,+1572.37
2000-01-01 21:27:00 EST,+26172.3,+8573.9,+9836.35,+3200.73,+11429.5,+3759.48,+4906.48,+1613.69
2000-01-01 21:28:00 EST,+25845.8,+8465.55,+11642.9,+3789.74,+9261.43,+3055.44,+4941.44,+1620.36
2000-01-01 21:29:00 EST,+26262.9,+8602.36,+11975.5,+3901.14,+8891.95,+2934.62,+5395.47,+1766.61
2000-01-01 21:30:00 EST,+25952.7,+8501.23,+11518.1,+3752.53,+8978.34,+2961.51,+5456.23,+1787.19
2000-01-01 21:31:00 EST,+26078.4,+8537.28,+11479.3,+3735.23,+8918.85,+2943.44,+5680.23,+1858.61
2000-01-01 21:32:00 EST,+27938.4,+9142.1,+11284.9,+3661.81,+11094.8,+3652.15,+5558.76,+1828.13
2000-01-01 21:33:00 EST,+30334.2,+9926.8,+11773.5,+3832.12,+11013.1,+3619.69,+7547.55,+2474.99
2000-01-01 21:34:00 EST,+28632.6,+9376.21,+9974.11,+3254.99,+10980.6,+3597.77,+7677.92,+2523.46
2000-01-01 21:35:00 EST,+30698.9,+10047,+14054.5,+4583.42,+9019.57,+2979.73,+7624.79,+2483.85
2000-01-01 21:36:00 EST,+28500.1,+9326.03,+13860.3,+4503.61,+9186.02,+3040.94,+5453.83,+1781.47
2000-01-01 21:37:00 EST,+30701.8,+10036.7,+15818.6,+5129.1,+9290.95,+3086.82,+5592.3,+1820.77
2000-01-01 21:38:00 EST,+26499.6,+8676.25,+11423.9,+3715.15,+9401.78,+3104.59,+5673.87,+1856.51
2000-01-01 21:39:00 EST,+26074.9,+8538.02,+11203.9,+3643.97,+9348.05,+3086.16,+5523.03,+1807.89
2000-01-01 21:40:00 EST,+24708.4,+8096.07,+9761.32,+3183.07,+9271.36,+3050.54,+5675.78,+1862.46
2000-01-01 21:41:00 EST,+29698,+9715.73,+12891.5,+4182.7,+10547.4,+3483.4,+6259.13,+2049.62
2000-01-01 21:42:00 EST,+29182.9,+9548.85,+12339.2,+4007.45,+10437.9,+3442.31,+6405.82,+2099.09
2000-01-01 21:43:00 EST,+29385.4,+9614.57,+12373.2,+4017.12,+10610.7,+3499.38,+6401.56,+2098.07
2000-01-01 21:44:00 EST,+27002.4,+8836.03,+12104,+3940.16,+8580.78,+2832.06,+6317.64,+2063.82
2000-01-01 21:45:00 EST,+30404.2,+9948.62,+12152.8,+3976.41,+8837.57,+2906.06,+9413.76,+3066.15
2000-01-01 21:46:00 EST,+30847.6,+10093.8,+12267,+4012.59,+9106.76,+2994.62,+9473.9,+3086.57
2000-01-01 21:47:00 EST,+31252.4,+10225.9,+12472.6,+4078.58,+9304.65,+3059.52,+9475.08,+3087.8
2000-01-01 21:48:00 EST,+31320.3,+10249.1,+12322.8,+4029,+9573.37,+3147.25,+9424.06,+3072.89
2000-01-01 21:49:00 EST,+33546.7,+10976,+12154.1,+3985.73,+9651.55,+3166.4,+11741,+3823.88
2000-01-01 21:50:00 EST,+33441.5,+10942.5,+11935,+3915.05,+9684.6,+3176.11,+11822,+3851.3
2000-01-01 21:51:00 EST,+31920.6,+10448.3,+10485.5,+3442.26,+9899.34,+3239.84,+11535.8,+3766.15
2000-01-01 21:52:00 EST,+32365,+10588.4,+10752.6,+3504.54,+12713.4,+4157.09,+8899.01,+2926.74
2000-01-01 21:53:00 EST,+32757.6,+10717.1,+10856.2,+3541.57,+12593.1,+4117.02,+9308.36,+3058.51
2000-01-01 21:54:00 EST,+32239.6,+10547.8,+10375.9,+3384.8,+12697.4,+4148.56,+9166.25,+3014.45
2000-01-01 21:55:00 EST,+33078.9,+10821.9,+10698.1,+3489.84,+12982,+4241.08,+9398.91,+3091.02
2000-01-01 21:56:00 EST,+36196.5,+11839.5,+10932.7,+3562.28,+15704.7,+5129.16,+9559.11,+3148.06
2000-01-01 21:57:00 EST,+36488.7,+11934.7,+11005,+3586.62,+15727.2,+5136.48,+9756.44,+3211.63
2000-01-01 21:58:00 EST,+38888.7,+12715.7,+11182.6,+3653.8,+16075.2,+5236.35,+11630.9,+3825.52
2000-01-01 21:59:00 EST,+42400.3,+13860.3,+14427.9,+4705.13,+15998.4,+5229.59,+11974,+3925.6
2000-01-01 22:00:00 EST,+42449.7,+13877.5,+14534,+4740.86,+15849,+5183.34,+12066.7,+3953.27
2000-01-01 22:01:00 EST,+32316.2,+10575.6,+10851.6,+3525.65,+14767.5,+4837.39,+6697.11,+2212.51
2000-01-01 22:02:00 EST,+35437.7,+11592.4,+10633.6,+3453.89,+17424.7,+5695.87,+7379.39,+2442.61
2000-01-01 22:03:00 EST,+35329.5,+11557,+10499.2,+3410.52,+17450.7,+5703.38,+7379.54,+2443.09
2000-01-01 22:04:00 EST,+37734.9,+12340.3,+13028,+4217.34,+17293.4,+5679.2,+7413.48,+2443.81
2000-01-01 22:05:00 EST,+35441.3,+11592.7,+13062.4,+4231.06,+15143.9,+4980.04,+7234.97,+2381.64
2000-01-01 22:06:00 EST,+37281.6,+12194.9,+13389.2,+4338.23,+16413.4,+5394.06,+7479.01,+2462.6
2000-01-01 22:07:00 EST,+37694.6,+12329.7,+13616.1,+4411.52,+16565.1,+5445.36,+7513.41,+2472.83
2000-01-01 22:08:00 EST,+37987.7,+12424.6,+13986.9,+4529.45,+16549.3,+5443.66,+7451.58,+2451.47
2000-01-01 22:09:00 EST,+35666,+11668.3,+13867.8,+4496.85,+14401.4,+4742.26,+7396.85,+2429.16
2000-01-01 22:10:00 EST,+35217.6,+11522.4,+13262,+4302.64,+14305.4,+4707.55,+7650.09,+2512.23
2000-01-01 22:11:00 EST,+33941.2,+11103.9,+13615.6,+4413.05,+13422.3,+4426.08,+6903.37,+2264.79
2000-01-01 22:12:00 EST,+28497,+9326.62,+13356.5,+4355.86,+7927.18,+2623.06,+7213.35,+2347.7
2000-01-01 22:13:00 EST,+28622.4,+9368.73,+13654.2,+4452.73,+7964.62,+2635.4,+7003.53,+2280.59
2000-01-01 22:14:00 EST,+30338.5,+9929.91,+13792.5,+4511.63,+7805.45,+2578.29,+8740.57,+2839.98
2000-01-01 22:15:00 EST,+30712.1,+10052.2,+13820.5,+4522.41,+7890.45,+2605.48,+9001.21,+2924.29
2000-01-01 22:16:00 EST,+29912.4,+9790.47,+13958,+4562.35,+7631.89,+2523.25,+8322.59,+2704.87
2000-01-01 22:17:00 EST,+27870.5,+9121.78,+13801.1,+4497.26,+7544.54,+2499.62,+6524.85,+2124.9
2000-01-01 22:18:00 EST,+30299.2,+9915.73,+13492.9,+4415.07,+7599.99,+2510.75,+9206.28,+2989.92
2000-01-01 22:19:00 EST,+27612.6,+9043.04,+10584.1,+3468.77,+7877.59,+2591.92,+9150.92,+2982.35
2000-01-01 22:20:00 EST,+24985.1,+8187.64,+8293.55,+2726.87,+7640.91,+2502.68,+9050.63,+2958.09
2000-01-01 22:21:00 EST,+23198.3,+7603.55,+7511.26,+2471.68,+7014.51,+2297.2,+8672.53,+2834.67
2000-01-01 22:22:00 EST,+23323.6,+7644.45,+7288.5,+2397.91,+7322.15,+2396.48,+8712.9,+2850.06
2000-01-01 22:23:00 EST,+23758.2,+7786.63,+7732.55,+2541.78,+7437.97,+2436.78,+8587.65,+2808.07
2000-01-01 22:24:00 EST,+24035.1,+7877.4,+7867.98,+2585.63,+7580.02,+2483.23,+8587.08,+2808.54
2000-01-01 22:25:00 EST,+23425.7,+7678.27,+7407.49,+2435.76,+7459.98,+2441.6,+8558.26,+2800.91
2000-01-01 22:26:00 EST,+23737.6,+7780.47,+7288.02,+2395.55,+7932.79,+2595.19,+8516.82,+2789.74
2000-01-01 22:27:00 EST,+23693.5,+7765.92,+7157.13,+2351.34,+8131.49,+2660.11,+8404.88,+2754.46
2000-01-01 22:28:00 EST,+26722.2,+8751.05,+7442.09,+2433.98,+11028,+3597.22,+8252.19,+2719.85
2000-01-01 22:29:00 EST,+26430.9,+8655.98,+7284.94,+2383.22,+10880.8,+3549.05,+8265.18,+2723.72
2000-01-01 22:30:00 EST,+26598.1,+8710.7,+7360.84,+2407.14,+11063.2,+3609.6,+8174.12,+2693.96
2000-01-01 22:31:00 EST,+26258.4,+8599.48,+7081.15,+2316.81,+10973.6,+3578.48,+8203.59,+2704.19
2000-01-01 22:32:00 EST,+26765.9,+8765.25,+7315.93,+2394.17,+10941.4,+3567.89,+8508.51,+2803.2
2000-01-01 22:33:00 EST,+26939.1,+8821.54,+7304.47,+2389.87,+11137,+3631.1,+8497.63,+2800.57
2000-01-01 22:34:00 EST,+28121.6,+9201.77,+9566.22,+3104.99,+12849.6,+4207.82,+5705.74,+1888.96
2000-01-01 22:35:00 EST,+28635.4,+9367.65,+9711.54,+3148.83,+13344.3,+4370.08,+5579.54,+1848.74
2000-01-01 22:36:00 EST,+28176.3,+9218.19,+9267,+3007.68,+13227.5,+4327.23,+5681.71,+1883.29
2000-01-01 22:37:00 EST,+24075.9,+7884.97,+7385.27,+2406.13,+10999.1,+3597.52,+5691.57,+1881.33
2000-01-01 22:38:00 EST,+23941.3,+7841.57,+7422.64,+2419.67,+10690,+3496.21,+5828.69,+1925.7
2000-01-01 22:39:00 EST,+29102.7,+9496.35,+7557.57,+2448.53,+15571.6,+5051.7,+5973.56,+1996.13
2000-01-01 22:40:00 EST,+30902.5,+10083.4,+7947.7,+2570.26,+17153.5,+5573.28,+5801.37,+1939.83
2000-01-01 22:41:00 EST,+27438.2,+8973.2,+7519.94,+2444.27,+14081.6,+4589.71,+5836.63,+1939.23
2000-01-01 22:42:00 EST,+28794.3,+9399.47,+7214.01,+2338.37,+16057.9,+5217.04,+5522.37,+1844.07
2000-01-01 22:43:00 EST,+26887.4,+8777.28,+7152.26,+2318.92,+14437.6,+4690.56,+5297.6,+1767.8
2000-01-01 22:44:00 EST,+26909.6,+8784.8,+7242.49,+2347.29,+14328.6,+4656.83,+5338.5,+1780.67
2000-01-01 22:45:00 EST,+32765.1,+10703.8,+7495.82,+2471.16,+12293.2,+3963.42,+12976.1,+4269.2
2000-01-01 22:46:00 EST,+32236.9,+10531,+7227.54,+2383.1,+12089.2,+3896.86,+12920.1,+4251.04
2000-01-01 22:47:00 EST,+33040.6,+10794.1,+7717.74,+2543.58,+12313.7,+3970.67,+13009.2,+4279.86
2000-01-01 22:48:00 EST,+27330,+8932.51,+7832.93,+2541.49,+13901.2,+4528.49,+5595.84,+1862.54
2000-01-01 22:49:00 EST,+26833.3,+8771.29,+7656.95,+2485.27,+13595,+4429.04,+5581.36,+1856.99
2000-01-01 22:50:00 EST,+29073.1,+9495.88,+8004.29,+2593.78,+15384.1,+5005.24,+5684.73,+1896.86
2000-01-01 22:51:00 EST,+28324.5,+9247.5,+7549.91,+2441.82,+15631,+5087.73,+5143.64,+1717.94
2000-01-01 22:52:00 EST,+28204.6,+9207.9,+7465.72,+2414.69,+15692.6,+5107.01,+5046.33,+1686.2
2000-01-01 22:53:00 EST,+26459.3,+8645.31,+7347.9,+2381.24,+14037.4,+4573.57,+5074.03,+1690.49
2000-01-01 22:54:00 EST,+26116.5,+8531.9,+6816.08,+2209.29,+14165.6,+4610.59,+5134.82,+1712.02
2000-01-01 22:55:00 EST,+23585.1,+7720.93,+7082.3,+2303.64,+11511.3,+3763.23,+4991.48,+1654.07
2000-01-01 22:56:00 EST,+24042.4,+7871.23,+7162.8,+2330.74,+11569.6,+3781.74,+5309.92,+1758.75
2000-01-01 22:57:00 EST,+23441.7,+7675.49,+7009.6,+2282.36,+11197.7,+3659.98,+5234.33,+1733.15
2000-01-01 22:58:00 EST,+23734.4,+7771.31,+6940.01,+2260.48,+11369.8,+3714.36,+5424.66,+1796.47
2000-01-01 22:59:00 EST,+20909.8,+6855.54,+7148.21,+2335.73,+8638.85,+2833.79,+5122.76,+1686.01
2000-01-01 23:00:00 EST,+21316,+6988.01,+7339.45,+2396.83,+8854.59,+2905.18,+5122,+1685.99
2000-01-01 23:01:00 EST,+17865.7,+5859,+5654.58,+1849.3,+7607.93,+2494.51,+4603.24,+1515.2
2000-01-01 23:02:00 EST,+17508.2,+5742.05,+5614.86,+1836.23,+7384.28,+2421.9,+4509.08,+1483.92
2000-01-01 23:03:00 EST,+17858.1,+5856.82,+5886.34,+1925.72,+7255.77,+2379.79,+4716,+1551.31
2000-01-01 23:04:00 EST,+17951.1,+5887.19,+5885.96,+1925.34,+7338.4,+2406.64,+4726.77,+1555.21
2000-01-01 23:05:00 EST,+18045,+5917.69,+5865.58,+1918.05,+7500.49,+2459.44,+4678.94,+1540.2
2000-01-01 23:06:00 EST,+17946.5,+5885.46,+5759.69,+1883.41,+7565.65,+2480.37,+4621.14,+1521.68
2000-01-01 23:07:00 EST,+18042.3,+5916.82,+5896.72,+1927.97,+7524.55,+2467.61,+4621.03,+1521.25
2000-01-01 23:08:00 EST,+24611.3,+8058.42,+5888.54,+1941.75,+7513.65,+2448.62,+11209.2,+3668.05
2000-01-01 23:09:00 EST,+24645.9,+8069.07,+5934.73,+1957.57,+7338.64,+2390.89,+11372.5,+3720.61
2000-01-01 23:10:00 EST,+25193,+8248.21,+5928.95,+1954.45,+7901.15,+2572.93,+11362.9,+3720.83
2000-01-01 23:11:00 EST,+17491,+5734.73,+6302.93,+2057.64,+7115.87,+2335.75,+4072.2,+1341.35
2000-01-01 23:12:00 EST,+17499.1,+5737.36,+6302.95,+2057.59,+7136.04,+2342.38,+4060.09,+1337.39
2000-01-01 23:13:00 EST,+17796,+5834.32,+6474.88,+2113.01,+7201.05,+2364.43,+4120.05,+1356.88
2000-01-01 23:14:00 EST,+19687.6,+6454.33,+6532.94,+2138.77,+7135.58,+2337.82,+6019.1,+1977.73
2000-01-01 23:15:00 EST,+19687.4,+6454.14,+6321.07,+2069.88,+7245.64,+2372.42,+6120.71,+2011.84
2000-01-01 23:16:00 EST,+19677.4,+6451.09,+6545.9,+2144.03,+6944.66,+2275.47,+6186.85,+2031.59
2000-01-01 23:17:00 EST,+17557.6,+5756.49,+6537.4,+2133.86,+6936.64,+2278.7,+4083.58,+1343.94
2000-01-01 23:18:00 EST,+16136.5,+5292.24,+6406.65,+2094.91,+5645.32,+1856.56,+4084.5,+1340.77
2000-01-01 23:19:00 EST,+16128.2,+5289.59,+6296.94,+2058.98,+5746.76,+1889.44,+4084.49,+1341.17
2000-01-01 23:20:00 EST,+18212.3,+5972.61,+8563.46,+2799.7,+5815.3,+1914.28,+3833.56,+1258.63
2000-01-01 23:21:00 EST,+14129.2,+4634.43,+4804.3,+1569.83,+6070.86,+1992.48,+3254.07,+1072.11
2000-01-01 23:22:00 EST,+14425.4,+4731.67,+4837.3,+1581.2,+6065.48,+1990.22,+3522.59,+1160.25
2000-01-01 23:23:00 EST,+14427.2,+4731.9,+4923.4,+1608.39,+6142.47,+2016.11,+3361.35,+1107.4
2000-01-01 23:24:00 EST,+14216.2,+4662.51,+4749.77,+1551.32,+6197.4,+2033.93,+3269.03,+1077.25
2000-01-01 23:25:00 EST,+14042.4,+4605.33,+4554.83,+1487.39,+6248.65,+2050.34,+3238.96,+1067.6
2000-01-01 23:26:00 EST,+14437,+4734.18,+4519.05,+1475.33,+6581.78,+2158.58,+3336.16,+1100.27
2000-01-01 23:27:00 EST,+14105.8,+4626.44,+4798.44,+1567.08,+6028.41,+1979.41,+3278.97,+1079.95
2000-01-01 23:28:00 EST,+14090.2,+4621.6,+4762.62,+1556.2,+5927.68,+1945.87,+3399.92,+1119.53
2000-01-01 23:29:00 EST,+15759.8,+5168.57,+4567.9,+1498.05,+5873.94,+1922.81,+5317.97,+1747.7
2000-01-01 23:30:00 EST,+15689.5,+5145.37,+4321.38,+1417.3,+6032.17,+1973.44,+5335.99,+1754.63
2000-01-01 23:31:00 EST,+15136.2,+4964.23,+4066.29,+1334.78,+5732.89,+1874.99,+5337,+1754.47
2000-01-01 23:32:00 EST,+13004.6,+4266.65,+4385.64,+1434.75,+5360.96,+1759.54,+3258.01,+1072.35
2000-01-01 23:33:00 EST,+12656.9,+4152.78,+4247.14,+1389.78,+5252,+1723.53,+3157.76,+1039.46
2000-01-01 23:34:00 EST,+12800,+4199.59,+4247.03,+1389.58,+5395.28,+1770.38,+3157.66,+1039.63
2000-01-01 23:35:00 EST,+12437.2,+4080.8,+4029.72,+1318.99,+5249.44,+1722.13,+3158,+1039.68
2000-01-01 23:36:00 EST,+12022.8,+3944.9,+3689.19,+1207.9,+5275.93,+1729.86,+3057.72,+1007.14
2000-01-01 23:37:00 EST,+14185.7,+4652.84,+3482.32,+1144.83,+5232.43,+1710.06,+5470.97,+1797.95
2000-01-01 23:38:00 EST,+14451.2,+4739.64,+3482.09,+1144.83,+5396.93,+1763.35,+5572.14,+1831.47
2000-01-01 23:39:00 EST,+14299.9,+4690.37,+3542.76,+1164.2,+5413.36,+1769.43,+5343.8,+1756.75
2000-01-01 23:40:00 EST,+12607.2,+4136.38,+3685.56,+1207,+5536.42,+1814.19,+3385.22,+1115.19
2000-01-01 23:41:00 EST,+11024.6,+3617.27,+2961.79,+970.651,+5187.97,+1698.57,+2874.85,+948.053
2000-01-01 23:42:00 EST,+10727.8,+3520.45,+2962.07,+970.962,+4971.06,+1628.33,+2794.7,+921.165
2000-01-01 23:43:00 EST,+10787.4,+3539.91,+3012.14,+987.266,+5031.87,+1648.26,+2743.4,+904.385
2000-01-01 23:44:00 EST,+10766,+3533.24,+3012.12,+987.753,+4819.16,+1578.52,+2934.76,+966.96
2000-01-01 23:45:00 EST,+10496.1,+3444.86,+2852.55,+935.772,+4648.24,+1522.33,+2995.35,+986.755
2000-01-01 23:46:00 EST,+10312.7,+3384.85,+2742.14,+900.103,+4419.61,+1447.21,+3150.91,+1037.53
2000-01-01 23:47:00 EST,+10235.5,+3359.55,+2681.03,+880.267,+4318.61,+1414.02,+3235.88,+1065.26
2000-01-01 23:48:00 EST,+10110.3,+3318.42,+2673.31,+877.35,+4379.43,+1434.29,+3057.51,+1006.78
2000-01-01 23:49:00 EST,+12554.6,+4116.36,+2617.77,+857.885,+6692.4,+2186.51,+3244.42,+1071.96
2000-01-01 23:50:00 EST,+12589.8,+4127.9,+2617.74,+857.93,+6692.33,+2186.39,+3279.74,+1083.58
2000-01-01 23:51:00 EST,+12867.1,+4218.64,+2750.19,+901.024,+6847.61,+2237.33,+3269.33,+1080.29
2000-01-01 23:52:00 EST,+9812.96,+3220.83,+2595.5,+851.954,+4179.41,+1368.72,+3038.05,+1000.16
2000-01-01 23:53:00 EST,+10037.5,+3294.59,+2615.66,+859.102,+4000.38,+1309.9,+3421.43,+1125.58
2000-01-01 23:54:00 EST,+12128.8,+3978.34,+2362.34,+778.024,+4200.24,+1371.49,+5566.25,+1828.83
2000-01-01 23:55:00 EST,+12109.5,+3972.05,+2371.41,+781.049,+4171.81,+1362.31,+5566.31,+1828.69
2000-01-01 23:56:00 EST,+11866.1,+3892.29,+2355.45,+775.824,+4009.9,+1309.58,+5500.7,+1806.89
2000-01-01 23:57:00 EST,+9772.69,+3207.86,+2685.29,+881.728,+3897.66,+1276.89,+3189.74,+1049.24
2000-01-01 23:58:00 EST,+9540.15,+3131.73,+2685.42,+881.989,+3651.69,+1196.55,+3203.04,+1053.2
2000-01-01 23:59:00 EST,+9258.77,+3039.47,+2685.61,+881.665,+3651.97,+1197.04,+2921.18,+960.773
2000-01-02 00:00:00 EST,+9283.02,+3047.37,+2760.87,+906.017,+3749.02,+1229.01,+2773.12,+912.339
